1000100 0.969697
1000187 0
1000103 0.42424244
1000107 0
1000112 0.54545456
1000114 0.57575756
1000116 0.6060606
1000117 0.6363636
1000119 0.030303031
1000121 0.5151515
1000124 0.54545456
1000127 0.4848485
1000130 0
1000134 0.42424244
1000136 0.45454547
1000141 0.030303031
1000145 0
1000148 0.030303031
1000154 0.33333334
1000156 0.36363637
1000157 0.3939394
1000161 0.15151516
1000163 0.18181819
1000165 0.21212122
1000166 0
1000169 0
1000171 0.121212125
1000174 0.15151516
1000175 0.030303031
1000178 0.030303031
1000180 0.030303031
1000181 0.09090909
1000184 0.030303031
