1000100 0.9876543
1000308 0
1000103 0
1000104 0.8271605
1000108 0
1000113 0.012345679
1000120 0.061728396
1000124 0.037037037
1000128 0.80246913
1000130 0.8148148
1000135 0.79012346
1000136 0.79012346
1000137 0.79012346
1000145 0.012345679
1000148 0.79012346
1000150 0.79012346
1000155 0.79012346
1000160 0.79012346
1000164 0
1000166 0.012345679
1000171 0.012345679
1000178 0.012345679
1000182 0.024691358
1000185 0.79012346
1000186 0.79012346
1000188 0.79012346
1000192 0.012345679
1000198 0.79012346
1000199 0.79012346
1000205 0.79012346
1000207 0.79012346
1000212 0.79012346
1000217 0.79012346
1000219 0.79012346
1000221 0.79012346
1000223 0.012345679
1000226 0.79012346
1000227 0.012345679
1000229 0.79012346
1000231 0.79012346
1000236 0.79012346
1000237 0.79012346
1000240 0.79012346
1000245 0.79012346
1000248 0.012345679
1000250 0.024691358
1000252 0.012345679
1000255 0
1000257 0.79012346
1000261 0
1000263 0.012345679
1000267 0.012345679
1000269 0.79012346
1000273 0
1000275 0.012345679
1000279 0
1000281 0.049382716
1000285 0.012345679
1000288 0.024691358
1000292 0.012345679
1000295 0
1000297 0.012345679
1000299 0
1000301 0.012345679
1000305 0.012345679
1000140 0
1000161 0
1000167 0
1000169 0
1000172 0
1000173 0
1000175 0
1000176 0
1000179 0
1000181 0
1000189 0
1000190 0
1000222 0
1000246 0
1000264 0
1000276 0
