1000100 0.9677419
1000182 0
1000104 0.032258064
1000109 0.19354838
1000111 0.22580644
1000113 0.2580645
1000114 0.29032257
1000116 0
1000118 0.16129032
1000121 0.19354838
1000124 0.12903225
1000127 0
1000131 0.06451613
1000133 0.09677419
1000136 0.032258064
1000143 0.4516129
1000150 0.3548387
1000152 0.38709676
1000153 0.41935483
1000157 0.16129032
1000159 0.19354838
1000161 0.22580644
1000162 0
1000165 0
1000167 0.12903225
1000170 0.16129032
1000171 0.032258064
1000174 0.032258064
1000176 0.032258064
1000177 0.09677419
1000180 0.032258064
