1000100 0.9878049
1000309 0
1000103 0
1000104 0.80487806
1000108 0.85365856
1000113 0.0121951215
1000120 0.06097561
1000124 0.036585364
1000128 0.7804878
1000130 0.79268295
1000135 0.76829267
1000136 0.76829267
1000137 0.76829267
1000145 0.0121951215
1000148 0.76829267
1000150 0.76829267
1000155 0.76829267
1000160 0.76829267
1000164 0
1000166 0.0121951215
1000171 0.0121951215
1000178 0.0121951215
1000182 0.024390243
1000185 0.76829267
1000186 0.76829267
1000188 0.76829267
1000192 0.0121951215
1000198 0.76829267
1000199 0.76829267
1000205 0.76829267
1000207 0.76829267
1000212 0.76829267
1000217 0.76829267
1000219 0.76829267
1000221 0.76829267
1000223 0.0121951215
1000226 0.76829267
1000227 0.0121951215
1000229 0.76829267
1000231 0.76829267
1000236 0.76829267
1000237 0.76829267
1000240 0.76829267
1000245 0.76829267
1000248 0.0121951215
1000250 0.024390243
1000252 0.0121951215
1000255 0
1000257 0.76829267
1000261 0
1000263 0.0121951215
1000267 0.0121951215
1000269 0.76829267
1000273 0
1000275 0.0121951215
1000279 0
1000281 0.048780486
1000285 0.0121951215
1000288 0.024390243
1000292 0.0121951215
1000295 0
1000297 0.0121951215
1000299 0.036585364
1000301 0.0121951215
1000306 0
1000307 0.0121951215
1000140 0
1000161 0
1000167 0
1000169 0
1000172 0
1000173 0
1000175 0
1000176 0
1000179 0
1000181 0
1000189 0
1000190 0
1000222 0
1000246 0
1000264 0
1000276 0
