1000100 0.9736842
1000207 0
1000104 0.47368422
1000106 0.5
1000108 0.5263158
1000109 0.55263156
1000111 0
1000114 0.42105263
1000116 0.4473684
1000118 0.47368422
1000119 0.5
1000121 0.02631579
1000123 0.4473684
1000126 0.47368422
1000129 0.02631579
1000132 0
1000136 0.39473686
1000139 0.42105263
1000142 0.13157895
1000145 0
1000150 0.13157895
1000152 0.078947365
1000157 0.078947365
1000164 0.28947368
1000167 0.31578946
1000170 0.23684211
1000173 0
1000177 0.18421052
1000179 0.21052632
1000182 0.18421052
1000185 0.15789473
1000188 0.15789473
1000191 0.05263158
1000198 0.05263158
1000201 0
1000205 0.02631579
1000192 0
1000195 0
