1000100 0.9705882
1000191 0
1000104 0.38235295
1000106 0.4117647
1000108 0.44117647
1000109 0.47058824
1000111 0
1000114 0.32352942
1000116 0.3529412
1000118 0.38235295
1000119 0.4117647
1000121 0
1000123 0.3529412
1000126 0.38235295
1000129 0.029411765
1000132 0
1000136 0.29411766
1000139 0.32352942
1000142 0.11764706
1000145 0
1000150 0
1000152 0.029411765
1000156 0.0882353
1000161 0.20588236
1000164 0.23529412
1000167 0.14705883
1000170 0
1000174 0.05882353
1000177 0.0882353
1000178 0.11764706
1000180 0.029411765
1000182 0.05882353
1000185 0
1000189 0.029411765
