1000100 0.9677419
1000184 0
1000104 0
1000105 0.8064516
1000110 0.7419355
1000112 0.7741935
1000115 0.67741936
1000116 0.7096774
1000122 0.48387095
1000123 0.516129
1000124 0
1000127 0.5483871
1000129 0.58064514
1000135 0.32258064
1000137 0.3548387
1000140 0.16129032
1000141 0.29032257
1000144 0.19354838
1000147 0.06451613
1000152 0.06451613
1000155 0.032258064
1000161 0.032258064
1000163 0.06451613
1000168 0.032258064
1000175 0.032258064
1000181 0
1000182 0.032258064
1000128 0
1000145 0
1000153 0
1000164 0
