1000100 0.9705882
1000197 0
1000104 0.029411765
1000109 0.029411765
1000113 0
1000114 0.029411765
1000119 0.7352941
1000125 0.6764706
1000127 0.7058824
1000130 0.61764705
1000131 0.64705884
1000137 0.44117647
1000138 0.47058824
1000139 0
1000142 0.5
1000144 0.5294118
1000150 0.29411766
1000152 0.32352942
1000155 0.14705883
1000156 0.2647059
1000159 0.1764706
1000162 0.05882353
1000167 0.05882353
1000170 0.029411765
1000176 0.029411765
1000178 0.05882353
1000183 0.029411765
1000189 0.029411765
1000194 0
1000195 0.029411765
1000143 0
1000160 0
1000168 0
1000179 0
