1000100 0.974359
1000211 0
1000105 0.33333334
1000107 0.35897437
1000110 0.53846157
1000113 0.51282054
1000116 0.51282054
1000121 0.46153846
1000125 0.41025642
1000126 0.43589744
1000132 0.33333334
1000134 0.35897437
1000138 0.025641026
1000141 0.6666667
1000144 0.64102566
1000147 0.64102566
1000153 0.07692308
1000155 0.102564104
1000157 0.12820514
1000158 0.15384616
1000160 0.025641026
1000163 0.17948718
1000166 0.15384616
1000169 0.15384616
1000172 0.07692308
1000178 0.25641027
1000179 0.30769232
1000182 0.30769232
1000186 0.051282052
1000192 0.15384616
1000195 0.12820514
1000198 0.12820514
1000201 0.051282052
1000207 0.025641026
1000209 0.025641026
1000156 0
1000173 0
1000187 0
1000202 0
