1000100 0.98214287
1000249 0
1000103 0.44642857
1000105 0.4642857
1000108 0.08928572
1000110 0.017857144
1000117 0.017857144
1000123 0.83928573
1000128 0.05357143
1000130 0.071428575
1000132 0.08928572
1000133 0.10714286
1000135 0.017857144
1000138 0.125
1000141 0.10714286
1000144 0.10714286
1000147 0.05357143
1000153 0.17857143
1000154 0.21428572
1000157 0.19642857
1000161 0.035714287
1000167 0.10714286
1000170 0.08928572
1000173 0.08928572
1000176 0.035714287
1000182 0.017857144
1000184 0.017857144
1000191 0.05357143
1000193 0.071428575
1000195 0.08928572
1000196 0.10714286
1000198 0.017857144
1000201 0.125
1000204 0.10714286
1000207 0.10714286
1000210 0.05357143
1000216 0.17857143
1000217 0.21428572
1000220 0.19642857
1000224 0.035714287
1000230 0.10714286
1000233 0.08928572
1000236 0.08928572
1000239 0.035714287
1000245 0.017857144
1000247 0.017857144
1000113 0
1000120 0
1000131 0
1000148 0
1000162 0
1000177 0
1000194 0
1000211 0
1000225 0
1000240 0
