1000100 0.9677419
1000185 0
1000103 0.41935483
1000105 0.4516129
1000108 0.4516129
1000112 0.41935483
1000116 0.8064516
1000120 0.032258064
1000127 0.09677419
1000129 0.12903225
1000131 0.16129032
1000132 0.19354838
1000134 0.032258064
1000137 0.22580644
1000140 0.19354838
1000143 0.19354838
1000146 0.09677419
1000152 0.32258064
1000153 0.38709676
1000156 0.3548387
1000160 0.06451613
1000166 0.19354838
1000169 0.16129032
1000172 0.16129032
1000175 0.06451613
1000181 0.032258064
1000183 0.032258064
1000130 0
1000147 0
1000161 0
1000176 0
