1000100 0.98717946
1000316 0
1000103 0.16666667
1000105 0.17948718
1000112 0.012820513
1000118 0.06410257
1000122 0.03846154
1000129 0.74358976
1000130 0.74358976
1000131 0.74358976
1000139 0.012820513
1000142 0.74358976
1000144 0.74358976
1000149 0.74358976
1000154 0.74358976
1000158 0
1000160 0.012820513
1000165 0.012820513
1000172 0.012820513
1000176 0.025641026
1000179 0.74358976
1000180 0.74358976
1000182 0.74358976
1000186 0.012820513
1000192 0.74358976
1000193 0.74358976
1000199 0.74358976
1000201 0.74358976
1000206 0.74358976
1000211 0.74358976
1000213 0.74358976
1000216 0.74358976
1000221 0.74358976
1000222 0.74358976
1000225 0.74358976
1000230 0.16666667
1000232 0.74358976
1000234 0
1000236 0.051282052
1000240 0.012820513
1000243 0.025641026
1000247 0.012820513
1000250 0
1000252 0.012820513
1000258 0.03846154
1000260 0.051282052
1000262 0.06410257
1000263 0.07692308
1000265 0.012820513
1000268 0.08974359
1000271 0.07692308
1000274 0.07692308
1000277 0.03846154
1000283 0.12820514
1000284 0.15384616
1000287 0.14102565
1000291 0.025641026
1000297 0.07692308
1000300 0.06410257
1000303 0.06410257
1000306 0.025641026
1000312 0.012820513
1000314 0.012820513
1000134 0
1000155 0
1000161 0
1000163 0
1000166 0
1000167 0
1000169 0
1000170 0
1000173 0
1000175 0
1000183 0
1000184 0
1000278 0
1000292 0
1000307 0
