1000100 0.9878049
1000326 0
1000103 0.15853658
1000105 0.17073171
1000108 0.9268293
1000115 0.0121951215
1000121 0.06097561
1000125 0.036585364
1000132 0.70731705
1000133 0.70731705
1000134 0.70731705
1000142 0.0121951215
1000145 0.70731705
1000147 0.70731705
1000152 0.70731705
1000157 0.70731705
1000161 0
1000163 0.0121951215
1000168 0.0121951215
1000175 0.0121951215
1000179 0.024390243
1000182 0.70731705
1000183 0.70731705
1000185 0.70731705
1000189 0.0121951215
1000195 0.70731705
1000196 0.70731705
1000202 0.70731705
1000204 0.70731705
1000209 0.70731705
1000214 0.70731705
1000216 0.70731705
1000219 0.70731705
1000224 0.70731705
1000225 0.70731705
1000228 0.70731705
1000233 0.15853658
1000235 0.70731705
1000237 0
1000239 0.048780486
1000243 0.0121951215
1000246 0.024390243
1000250 0.0121951215
1000253 0
1000255 0.0121951215
1000257 0.30487806
1000261 0.0121951215
1000268 0.036585364
1000270 0.048780486
1000272 0.06097561
1000273 0.07317073
1000275 0.0121951215
1000278 0.085365854
1000281 0.07317073
1000284 0.07317073
1000287 0.036585364
1000293 0.12195122
1000294 0.14634146
1000297 0.13414635
1000301 0.024390243
1000307 0.07317073
1000310 0.06097561
1000313 0.06097561
1000316 0.024390243
1000322 0.0121951215
1000324 0.0121951215
1000137 0
1000158 0
1000164 0
1000166 0
1000169 0
1000170 0
1000172 0
1000173 0
1000176 0
1000178 0
1000186 0
1000187 0
1000271 0
1000288 0
1000302 0
1000317 0
