1000100 0.972973
1000179 0
1000103 0.3783784
1000107 0.9189189
1000113 0.4864865
1000115 0.5135135
1000117 0.5405405
1000118 0.5675676
1000120 0.027027028
1000122 0.45945945
1000125 0.4864865
1000128 0.43243244
1000131 0
1000135 0.3783784
1000137 0.4054054
1000141 0.5135135
1000147 0.2972973
1000149 0.3243243
1000150 0.35135135
1000154 0.13513513
1000156 0.16216215
1000158 0.1891892
1000159 0
1000162 0
1000164 0.10810811
1000167 0.13513513
1000168 0.027027028
1000171 0.027027028
1000173 0.027027028
1000174 0.08108108
1000177 0.027027028
1000116 0
1000129 0
1000138 0
1000151 0
1000157 0
1000175 0
