1000100 0.9811321
1000208 0
1000103 0.018867925
1000107 0.8113208
1000111 0.509434
1000113 0.5283019
1000115 0.5471698
1000116 0.5660377
1000118 0.018867925
1000120 0.4716981
1000122 0.49056605
1000129 0.509434
1000131 0.5283019
1000133 0.5471698
1000134 0.5660377
1000136 0.018867925
1000138 0.4716981
1000140 0.49056605
1000144 0.5849057
1000148 0.18867925
1000150 0.20754717
1000151 0.2264151
1000155 0.094339624
1000157 0.11320755
1000159 0.13207547
1000160 0
1000164 0.0754717
1000167 0.018867925
1000170 0.018867925
1000171 0.056603774
1000174 0.018867925
1000180 0.18867925
1000182 0.20754717
1000183 0.2264151
1000187 0.094339624
1000189 0.11320755
1000191 0.13207547
1000192 0
1000196 0.0754717
1000199 0.018867925
1000202 0.018867925
1000203 0.056603774
1000206 0.018867925
1000114 0
1000123 0
1000132 0
1000141 0
1000152 0
1000158 0
1000172 0
1000184 0
1000190 0
1000204 0
