1000100 0.9714286
1000195 0
1000105 0.37142858
1000107 0.4
1000110 0.14285715
1000113 0.114285715
1000116 0.114285715
1000119 0.028571429
1000125 0.74285716
1000128 0.71428573
1000131 0.71428573
1000137 0.08571429
1000139 0.114285715
1000141 0.14285715
1000142 0.17142858
1000144 0.028571429
1000147 0.2
1000150 0.17142858
1000153 0.17142858
1000156 0.08571429
1000162 0.2857143
1000163 0.34285715
1000166 0.34285715
1000170 0.057142857
1000176 0.17142858
1000179 0.14285715
1000182 0.14285715
1000185 0.057142857
1000191 0.028571429
1000193 0.028571429
1000122 0
1000140 0
1000157 0
1000171 0
1000186 0
