1000100 0.9859155
1000298 0
1000104 0.7887324
1000107 0.7746479
1000111 0.8873239
1000118 0.014084507
1000125 0.07042254
1000129 0.04225352
1000133 0.7183099
1000135 0.7605634
1000140 0.70422536
1000141 0.70422536
1000142 0.70422536
1000150 0.014084507
1000153 0.70422536
1000155 0.70422536
1000160 0.70422536
1000165 0.70422536
1000169 0
1000171 0.014084507
1000176 0.014084507
1000183 0.014084507
1000187 0.028169014
1000190 0.70422536
1000191 0.70422536
1000193 0.70422536
1000197 0.014084507
1000203 0.70422536
1000204 0.70422536
1000210 0.70422536
1000212 0.70422536
1000217 0.70422536
1000222 0.70422536
1000224 0.70422536
1000226 0.70422536
1000228 0.014084507
1000231 0.70422536
1000232 0.014084507
1000234 0.70422536
1000236 0.70422536
1000241 0.70422536
1000242 0.70422536
1000245 0.70422536
1000251 0
1000254 0
1000256 0
1000258 0.056338027
1000262 0.014084507
1000265 0.028169014
1000269 0.014084507
1000272 0
1000274 0.014084507
1000276 0.08450704
1000280 0.014084507
1000286 0.04225352
1000289 0.028169014
1000291 0.04225352
1000296 0.014084507
1000145 0
1000166 0
1000172 0
1000174 0
1000177 0
1000178 0
1000180 0
1000181 0
1000184 0
1000186 0
1000194 0
1000195 0
1000227 0
