1000100 0.9787234
1000194 0
1000103 0.021276595
1000107 0.70212764
1000109 0.5744681
1000111 0.59574467
1000116 0.5744681
1000118 0.59574467
1000122 0.78723407
1000126 0.23404256
1000128 0.25531915
1000129 0.27659574
1000133 0.10638298
1000135 0.12765957
1000137 0.14893617
1000138 0
1000141 0
1000143 0.08510638
1000146 0.10638298
1000147 0.021276595
1000150 0.021276595
1000152 0.021276595
1000153 0.06382979
1000156 0.021276595
1000162 0.23404256
1000164 0.25531915
1000165 0.27659574
1000169 0.10638298
1000171 0.12765957
1000173 0.14893617
1000174 0
1000177 0
1000179 0.08510638
1000182 0.10638298
1000183 0.021276595
1000186 0.021276595
1000188 0.021276595
1000189 0.06382979
1000192 0.021276595
1000112 0
1000119 0
1000130 0
1000136 0
1000154 0
1000166 0
1000172 0
1000190 0
