1000100 0.9705882
1000192 0
1000104 0.4117647
1000106 0.44117647
1000108 0.47058824
1000109 0.5
1000111 0
1000114 0.3529412
1000116 0.38235295
1000118 0.4117647
1000119 0.44117647
1000121 0
1000123 0.38235295
1000126 0.4117647
1000129 0.029411765
1000132 0
1000136 0.32352942
1000139 0.3529412
1000142 0.14705883
1000145 0
1000150 0.14705883
1000152 0.0882353
1000157 0.0882353
1000162 0.20588236
1000165 0.23529412
1000168 0.14705883
1000171 0
1000175 0.05882353
1000178 0.0882353
1000179 0.11764706
1000181 0.029411765
1000183 0.05882353
1000186 0
1000190 0.029411765
