1000100 0.9868421
1000287 0
1000105 0
1000106 0.8552632
1000110 0.8552632
1000113 0.84210527
1000116 0.84210527
1000122 0.013157895
1000129 0.84210527
1000133 0.84210527
1000135 0.84210527
1000140 0.84210527
1000141 0.84210527
1000142 0.84210527
1000150 0.013157895
1000153 0.84210527
1000155 0.84210527
1000160 0.84210527
1000165 0.84210527
1000169 0
1000171 0.013157895
1000176 0.013157895
1000182 0.02631579
1000184 0.013157895
1000188 0.02631579
1000191 0.84210527
1000192 0.84210527
1000194 0.84210527
1000198 0.013157895
1000203 0.84210527
1000205 0.84210527
1000207 0.84210527
1000209 0.013157895
1000212 0.84210527
1000213 0.013157895
1000215 0.84210527
1000217 0.84210527
1000222 0.84210527
1000223 0.84210527
1000226 0.84210527
1000231 0.84210527
1000234 0.013157895
1000236 0.02631579
1000238 0.013157895
1000241 0
1000243 0.84210527
1000247 0
1000249 0.013157895
1000253 0.013157895
1000255 0.84210527
1000259 0
1000261 0.013157895
1000265 0
1000267 0.84210527
1000271 0.013157895
1000274 0
1000276 0.013157895
1000278 0.039473683
1000281 0.02631579
1000284 0.02631579
1000145 0
1000166 0
1000172 0
1000174 0
1000177 0
1000178 0
1000180 0
1000181 0
1000185 0
1000187 0
1000195 0
1000196 0
1000208 0
1000232 0
1000250 0
1000262 0
