1000100 0.98275864
1000256 0
1000103 0.03448276
1000105 0.05172414
1000110 0.01724138
1000116 0.0862069
1000120 0.05172414
1000127 0.8103448
1000128 0.8103448
1000129 0.8103448
1000137 0.01724138
1000140 0.8103448
1000142 0.8103448
1000147 0.8103448
1000152 0.8103448
1000156 0
1000158 0.01724138
1000163 0.01724138
1000170 0.01724138
1000174 0.03448276
1000177 0.8103448
1000178 0.8103448
1000180 0.8103448
1000184 0.01724138
1000190 0.8103448
1000191 0.8103448
1000197 0.8103448
1000199 0.8103448
1000204 0.8103448
1000209 0.8103448
1000211 0.8103448
1000214 0.8103448
1000219 0.8103448
1000220 0.8103448
1000223 0.8103448
1000228 0.03448276
1000230 0.8103448
1000232 0
1000234 0.06896552
1000238 0.01724138
1000241 0.03448276
1000245 0.01724138
1000248 0
1000250 0.01724138
1000251 0.01724138
1000254 0.01724138
1000132 0
1000153 0
1000159 0
1000161 0
1000164 0
1000165 0
1000167 0
1000168 0
1000171 0
1000173 0
1000181 0
1000182 0
