1000100 0.9722222
1000207 0
1000103 0.3611111
1000105 0.3888889
1000108 0
1000113 0.5
1000117 0.44444445
1000118 0.4722222
1000124 0.3611111
1000126 0.3888889
1000130 0.027777778
1000134 0.027777778
1000138 0
1000144 0.083333336
1000146 0.11111111
1000148 0.1388889
1000149 0.16666667
1000151 0.027777778
1000154 0.19444445
1000157 0.16666667
1000160 0.16666667
1000163 0.083333336
1000169 0.2777778
1000170 0.33333334
1000173 0.30555555
1000177 0.055555556
1000183 0.16666667
1000186 0.1388889
1000189 0.1388889
1000192 0.055555556
1000198 0.027777778
1000200 0.027777778
1000204 0.027777778
1000164 0
1000178 0
1000193 0
