1000100 0.9705882
1000198 0
1000103 0.44117647
1000105 0.47058824
1000109 0.5882353
1000113 0.5294118
1000114 0.5588235
1000120 0.44117647
1000122 0.47058824
1000126 0.029411765
1000130 0.4117647
1000134 0.38235295
1000140 0.0882353
1000142 0.11764706
1000144 0.14705883
1000145 0.1764706
1000147 0.029411765
1000150 0.20588236
1000153 0.1764706
1000156 0.1764706
1000159 0.0882353
1000165 0.29411766
1000166 0.3529412
1000169 0.32352942
1000173 0.05882353
1000179 0.1764706
1000182 0.14705883
1000185 0.14705883
1000188 0.05882353
1000194 0.029411765
1000196 0.029411765
1000160 0
1000174 0
1000189 0
