1000100 0.9677419
1000180 0
1000103 0
1000104 0.83870965
1000109 0.7741935
1000111 0.8064516
1000114 0.7096774
1000115 0.7419355
1000121 0.516129
1000122 0.5483871
1000123 0
1000126 0.58064514
1000128 0.61290324
1000134 0.3548387
1000136 0.38709676
1000139 0.19354838
1000140 0.32258064
1000143 0.22580644
1000146 0.06451613
1000151 0.09677419
1000154 0.032258064
1000160 0.032258064
1000162 0.09677419
1000169 0.06451613
1000173 0.032258064
1000177 0
1000178 0.032258064
1000127 0
1000144 0
1000152 0
1000163 0
