1000100 0.98717946
1000304 0
1000105 0.16666667
1000107 0.17948718
1000110 0.74358976
1000113 0.7307692
1000116 0.7307692
1000122 0.012820513
1000128 0.7307692
1000135 0.7307692
1000136 0.7307692
1000137 0.7307692
1000145 0.012820513
1000148 0.7307692
1000150 0.7307692
1000155 0.7307692
1000160 0.7307692
1000164 0
1000166 0.012820513
1000171 0.012820513
1000177 0.025641026
1000179 0.012820513
1000183 0.025641026
1000186 0.7307692
1000187 0.7307692
1000189 0.7307692
1000193 0.012820513
1000198 0.7307692
1000200 0.7307692
1000203 0.7307692
1000208 0.7307692
1000209 0.7307692
1000212 0.7307692
1000217 0.16666667
1000219 0.7307692
1000221 0
1000223 0.7307692
1000227 0.012820513
1000230 0
1000232 0.012820513
1000234 0.33333334
1000237 0.32051283
1000240 0.32051283
1000246 0.03846154
1000248 0.051282052
1000250 0.06410257
1000251 0.07692308
1000253 0.012820513
1000256 0.08974359
1000259 0.07692308
1000262 0.07692308
1000265 0.03846154
1000271 0.12820514
1000272 0.15384616
1000275 0.15384616
1000279 0.025641026
1000285 0.07692308
1000288 0.06410257
1000291 0.06410257
1000294 0.025641026
1000300 0.012820513
1000302 0.012820513
1000140 0
1000161 0
1000167 0
1000169 0
1000172 0
1000173 0
1000175 0
1000176 0
1000180 0
1000182 0
1000190 0
1000191 0
1000249 0
1000266 0
1000280 0
1000295 0
