1000100 0.9864865
1000288 0
1000103 0.17567568
1000105 0.1891892
1000108 0.7567568
1000113 0.013513514
1000119 0.04054054
1000126 0.7027027
1000127 0.7027027
1000128 0.7027027
1000136 0.013513514
1000139 0.7027027
1000141 0.7027027
1000146 0.7027027
1000151 0.7027027
1000155 0
1000157 0.013513514
1000162 0.013513514
1000168 0.027027028
1000170 0.013513514
1000174 0.027027028
1000177 0.7027027
1000178 0.7027027
1000180 0.7027027
1000184 0.013513514
1000189 0.7027027
1000191 0.7027027
1000194 0.7027027
1000199 0.7027027
1000200 0.7027027
1000203 0.7027027
1000208 0.17567568
1000210 0.7027027
1000212 0
1000214 0.027027028
1000218 0.013513514
1000221 0
1000223 0.013513514
1000225 0.3243243
1000230 0.04054054
1000232 0.054054055
1000234 0.067567565
1000235 0.08108108
1000237 0.013513514
1000240 0.0945946
1000243 0.08108108
1000246 0.08108108
1000249 0.04054054
1000255 0.13513513
1000256 0.16216215
1000259 0.14864865
1000263 0.027027028
1000269 0.08108108
1000272 0.067567565
1000275 0.067567565
1000278 0.027027028
1000284 0.013513514
1000286 0.013513514
1000131 0
1000152 0
1000158 0
1000160 0
1000163 0
1000164 0
1000166 0
1000167 0
1000171 0
1000173 0
1000181 0
1000182 0
1000233 0
1000250 0
1000264 0
1000279 0
