1000100 0.9836066
1000258 0
1000103 0.19672132
1000105 0.21311475
1000110 0.016393442
1000116 0.04918033
1000123 0.8360656
1000124 0.8360656
1000125 0.8360656
1000133 0.016393442
1000136 0.8360656
1000138 0.8360656
1000143 0.8360656
1000148 0.8360656
1000152 0
1000154 0.016393442
1000159 0.016393442
1000165 0.032786883
1000167 0.016393442
1000171 0.032786883
1000174 0.8360656
1000175 0.8360656
1000177 0.8360656
1000181 0.016393442
1000186 0.8360656
1000188 0.8360656
1000191 0.8360656
1000196 0.8360656
1000197 0.8360656
1000200 0.8360656
1000205 0.19672132
1000207 0.8360656
1000209 0
1000211 0.032786883
1000215 0.016393442
1000218 0
1000220 0.016393442
1000224 0.032786883
1000227 0.14754099
1000228 0.18032786
1000231 0.16393442
1000235 0.016393442
1000241 0.08196721
1000244 0.06557377
1000247 0.06557377
1000250 0.016393442
1000256 0.016393442
1000128 0
1000149 0
1000155 0
1000157 0
1000160 0
1000161 0
1000163 0
1000164 0
1000168 0
1000170 0
1000178 0
1000179 0
1000236 0
1000251 0
