1000100 0.98734176
1000303 0
1000103 0
1000104 0.835443
1000112 0.012658228
1000119 0.06329114
1000123 0.03797468
1000127 0.8101266
1000129 0.8227848
1000134 0.79746836
1000135 0.79746836
1000136 0.79746836
1000144 0.012658228
1000147 0.79746836
1000149 0.79746836
1000154 0.79746836
1000159 0.79746836
1000163 0
1000165 0.012658228
1000170 0.012658228
1000177 0.012658228
1000181 0.025316456
1000184 0.79746836
1000185 0.79746836
1000187 0.79746836
1000191 0.012658228
1000197 0.79746836
1000198 0.79746836
1000204 0.79746836
1000206 0.79746836
1000211 0.79746836
1000216 0.79746836
1000218 0.79746836
1000220 0.79746836
1000222 0.012658228
1000225 0.79746836
1000226 0.012658228
1000228 0.79746836
1000230 0.79746836
1000235 0.79746836
1000236 0.79746836
1000239 0.79746836
1000244 0.79746836
1000247 0.012658228
1000249 0.025316456
1000251 0.012658228
1000254 0
1000256 0.79746836
1000260 0
1000262 0.012658228
1000266 0.012658228
1000268 0.79746836
1000272 0
1000274 0.012658228
1000278 0
1000280 0.050632913
1000284 0.012658228
1000287 0.025316456
1000291 0.012658228
1000294 0
1000296 0.012658228
1000300 0
1000301 0.012658228
1000139 0
1000160 0
1000166 0
1000168 0
1000171 0
1000172 0
1000174 0
1000175 0
1000178 0
1000180 0
1000188 0
1000189 0
1000221 0
1000245 0
1000263 0
1000275 0
