1000100 0.987013
1000295 0
1000103 0
1000104 0.85714287
1000110 0.012987013
1000117 0.064935066
1000121 0.038961038
1000125 0.83116883
1000127 0.84415585
1000132 0.8181818
1000133 0.8181818
1000134 0.8181818
1000142 0.012987013
1000145 0.8181818
1000147 0.8181818
1000152 0.8181818
1000157 0.8181818
1000161 0
1000163 0.012987013
1000168 0.012987013
1000175 0.012987013
1000179 0.025974026
1000182 0.8181818
1000183 0.8181818
1000185 0.8181818
1000189 0.012987013
1000195 0.8181818
1000196 0.8181818
1000202 0.8181818
1000204 0.8181818
1000209 0.8181818
1000214 0.8181818
1000216 0.8181818
1000218 0.8181818
1000220 0.012987013
1000223 0.8181818
1000224 0.012987013
1000226 0.8181818
1000228 0.8181818
1000233 0.8181818
1000234 0.8181818
1000237 0.8181818
1000242 0.8181818
1000245 0.012987013
1000247 0.025974026
1000249 0.012987013
1000252 0
1000254 0.8181818
1000258 0
1000260 0.012987013
1000264 0.012987013
1000266 0.8181818
1000270 0
1000272 0.012987013
1000276 0
1000278 0.051948052
1000282 0.012987013
1000285 0.025974026
1000289 0.012987013
1000292 0
1000294 0.012987013
1000137 0
1000158 0
1000164 0
1000166 0
1000169 0
1000170 0
1000172 0
1000173 0
1000176 0
1000178 0
1000186 0
1000187 0
1000219 0
1000243 0
1000261 0
1000273 0
