1000100 0.9864865
1000278 0
1000103 0
1000104 0.8378378
1000110 0.013513514
1000117 0.04054054
1000121 0.8108108
1000123 0.8243243
1000128 0.7972973
1000129 0.7972973
1000130 0.7972973
1000138 0.013513514
1000141 0.7972973
1000143 0.7972973
1000148 0.7972973
1000153 0.7972973
1000157 0
1000159 0.013513514
1000164 0.013513514
1000170 0.027027028
1000172 0.013513514
1000176 0.027027028
1000179 0.7972973
1000180 0.7972973
1000182 0.7972973
1000186 0.013513514
1000191 0.7972973
1000193 0.7972973
1000195 0.7972973
1000197 0
1000200 0.7972973
1000201 0.013513514
1000203 0.7972973
1000205 0.7972973
1000210 0.7972973
1000211 0.7972973
1000214 0.7972973
1000219 0.7972973
1000222 0.013513514
1000224 0.027027028
1000226 0.013513514
1000229 0
1000231 0.7972973
1000235 0
1000237 0.013513514
1000241 0.013513514
1000243 0.7972973
1000247 0
1000249 0.013513514
1000253 0
1000255 0.027027028
1000259 0.013513514
1000262 0
1000264 0.013513514
1000267 0.027027028
1000271 0.013513514
1000275 0
1000276 0.013513514
1000133 0
1000154 0
1000160 0
1000162 0
1000165 0
1000166 0
1000168 0
1000169 0
1000173 0
1000175 0
1000183 0
1000184 0
1000196 0
1000220 0
1000238 0
1000250 0
