1000100 0.9677419
1000186 0
1000104 0.09677419
1000108 0.6451613
1000111 0.61290324
1000114 0.61290324
1000119 0.29032257
1000121 0.32258064
1000123 0.3548387
1000124 0.38709676
1000126 0.032258064
1000128 0.2580645
1000131 0.29032257
1000134 0.2580645
1000137 0
1000141 0.09677419
1000147 0.12903225
1000150 0.16129032
1000153 0
1000156 0
1000161 0.22580644
1000164 0.19354838
1000167 0.19354838
1000170 0.06451613
1000177 0.06451613
1000180 0
1000184 0.032258064
1000122 0
1000135 0
1000171 0
1000174 0
