1000100 0.969697
1000174 0
1000105 0.3939394
1000109 0.72727275
1000112 0.6969697
1000115 0.6969697
1000120 0.45454547
1000122 0.4848485
1000124 0.5151515
1000125 0.54545456
1000127 0.030303031
1000129 0.3939394
1000131 0.42424244
1000135 0.54545456
1000138 0.5151515
1000141 0.5151515
1000146 0.36363637
1000148 0.36363637
1000149 0.36363637
1000153 0.36363637
1000155 0.36363637
1000157 0.36363637
1000158 0
1000162 0.36363637
1000165 0.030303031
1000168 0.030303031
1000169 0.09090909
1000172 0.030303031
1000123 0
1000132 0
1000150 0
1000156 0
1000170 0
