1000100 0.9722222
1000199 0
1000104 0.4722222
1000106 0.5
1000108 0.5277778
1000109 0.5555556
1000111 0
1000114 0.41666666
1000116 0.44444445
1000118 0.4722222
1000119 0.5
1000121 0.027777778
1000123 0.44444445
1000126 0.4722222
1000129 0.027777778
1000132 0
1000136 0.3888889
1000139 0.41666666
1000142 0.11111111
1000145 0
1000149 0.083333336
1000156 0.30555555
1000159 0.33333334
1000162 0.25
1000165 0
1000169 0.19444445
1000171 0.22222222
1000174 0.19444445
1000177 0.16666667
1000180 0.16666667
1000183 0.055555556
1000190 0.055555556
1000193 0
1000197 0.027777778
1000184 0
1000187 0
