1000100 0.98734176
1000303 0
1000103 0
1000104 0.84810126
1000108 0
1000113 0.012658228
1000120 0.06329114
1000124 0.03797468
1000128 0.8227848
1000130 0.835443
1000135 0.8101266
1000136 0.8101266
1000137 0.8101266
1000145 0.012658228
1000148 0.8101266
1000150 0.8101266
1000155 0.8101266
1000160 0.8101266
1000164 0
1000166 0.012658228
1000171 0.012658228
1000178 0.012658228
1000182 0.025316456
1000185 0.8101266
1000186 0.8101266
1000188 0.8101266
1000192 0.012658228
1000198 0.8101266
1000199 0.8101266
1000205 0.8101266
1000207 0.8101266
1000212 0.8101266
1000217 0.8101266
1000219 0.8101266
1000221 0.8101266
1000223 0.012658228
1000226 0.8101266
1000227 0.012658228
1000229 0.8101266
1000231 0.8101266
1000236 0.8101266
1000237 0.8101266
1000240 0.8101266
1000245 0.8101266
1000248 0.012658228
1000250 0.025316456
1000252 0.012658228
1000255 0
1000257 0.8101266
1000261 0
1000263 0.012658228
1000267 0.012658228
1000269 0.8101266
1000273 0
1000275 0.012658228
1000279 0
1000281 0.050632913
1000285 0.012658228
1000288 0.025316456
1000292 0.012658228
1000295 0
1000297 0.012658228
1000300 0
1000140 0
1000161 0
1000167 0
1000169 0
1000172 0
1000173 0
1000175 0
1000176 0
1000179 0
1000181 0
1000189 0
1000190 0
1000222 0
1000246 0
1000264 0
1000276 0
