1000100 0.98630136
1000291 0
1000103 0.20547946
1000105 0.21917808
1000110 0.01369863
1000116 0.04109589
1000123 0.739726
1000124 0.739726
1000125 0.739726
1000133 0.01369863
1000136 0.739726
1000138 0.739726
1000143 0.739726
1000148 0.739726
1000152 0
1000154 0.01369863
1000159 0.01369863
1000165 0.02739726
1000167 0.01369863
1000171 0.02739726
1000174 0.739726
1000175 0.739726
1000177 0.739726
1000181 0.01369863
1000186 0.739726
1000188 0.739726
1000191 0.739726
1000196 0.739726
1000197 0.739726
1000200 0.739726
1000205 0.20547946
1000207 0.739726
1000209 0
1000211 0.02739726
1000215 0.01369863
1000218 0
1000220 0.01369863
1000223 0.19178082
1000227 0.1780822
1000233 0.04109589
1000235 0.05479452
1000237 0.06849315
1000238 0.08219178
1000240 0.01369863
1000243 0.09589041
1000246 0.08219178
1000249 0.08219178
1000252 0.04109589
1000258 0.1369863
1000259 0.16438356
1000262 0.15068494
1000266 0.02739726
1000272 0.08219178
1000275 0.06849315
1000278 0.06849315
1000281 0.02739726
1000287 0.01369863
1000289 0.01369863
1000128 0
1000149 0
1000155 0
1000157 0
1000160 0
1000161 0
1000163 0
1000164 0
1000168 0
1000170 0
1000178 0
1000179 0
1000253 0
1000267 0
1000282 0
