1000100 0.9859155
1000286 0
1000103 0.18309858
1000105 0.1971831
1000112 0.014084507
1000118 0.04225352
1000125 0.73239434
1000126 0.73239434
1000127 0.73239434
1000135 0.014084507
1000138 0.73239434
1000140 0.73239434
1000145 0.73239434
1000150 0.73239434
1000154 0
1000156 0.014084507
1000161 0.014084507
1000167 0.028169014
1000169 0.014084507
1000173 0.028169014
1000176 0.73239434
1000177 0.73239434
1000179 0.73239434
1000183 0.014084507
1000188 0.73239434
1000190 0.73239434
1000193 0.73239434
1000198 0.73239434
1000199 0.73239434
1000202 0.73239434
1000207 0.18309858
1000209 0.73239434
1000211 0
1000213 0.028169014
1000217 0.014084507
1000220 0
1000222 0.014084507
1000228 0.04225352
1000230 0.056338027
1000232 0.07042254
1000233 0.08450704
1000235 0.014084507
1000238 0.09859155
1000241 0.08450704
1000244 0.08450704
1000247 0.04225352
1000253 0.14084508
1000254 0.16901408
1000257 0.15492958
1000261 0.028169014
1000267 0.08450704
1000270 0.07042254
1000273 0.07042254
1000276 0.028169014
1000282 0.014084507
1000284 0.014084507
1000130 0
1000151 0
1000157 0
1000159 0
1000162 0
1000163 0
1000165 0
1000166 0
1000170 0
1000172 0
1000180 0
1000181 0
1000248 0
1000262 0
1000277 0
