1000100 0.98507464
1000284 0
1000104 0.8208955
1000107 0.80597013
1000111 0.880597
1000118 0.014925373
1000125 0.07462686
1000129 0.04477612
1000133 0.76119405
1000135 0.7910448
1000140 0.74626863
1000141 0.74626863
1000142 0.74626863
1000150 0.014925373
1000153 0.74626863
1000155 0.74626863
1000160 0.74626863
1000165 0.74626863
1000169 0
1000171 0.014925373
1000176 0.014925373
1000183 0.014925373
1000187 0.029850746
1000190 0.74626863
1000191 0.74626863
1000193 0.74626863
1000197 0.014925373
1000203 0.74626863
1000204 0.74626863
1000210 0.74626863
1000212 0.74626863
1000217 0.74626863
1000222 0.74626863
1000224 0.74626863
1000226 0.74626863
1000228 0.014925373
1000231 0.74626863
1000232 0.014925373
1000234 0.74626863
1000236 0.74626863
1000241 0.74626863
1000242 0.74626863
1000245 0.74626863
1000251 0
1000254 0
1000256 0
1000258 0.05970149
1000262 0.014925373
1000265 0.029850746
1000269 0.014925373
1000272 0
1000274 0.014925373
1000276 0.029850746
1000280 0.014925373
1000145 0
1000166 0
1000172 0
1000174 0
1000177 0
1000178 0
1000180 0
1000181 0
1000184 0
1000186 0
1000194 0
1000195 0
1000227 0
