1000100 0.98571426
1000296 0
1000103 0.17142858
1000105 0.18571429
1000108 0
1000113 0.014285714
1000119 0.071428575
1000123 0.042857144
1000130 0.82857144
1000131 0.82857144
1000132 0.82857144
1000140 0.014285714
1000143 0.82857144
1000145 0.82857144
1000150 0.82857144
1000155 0.82857144
1000159 0
1000161 0.014285714
1000166 0.014285714
1000173 0.014285714
1000177 0.028571429
1000180 0.82857144
1000181 0.82857144
1000183 0.82857144
1000187 0.014285714
1000193 0.82857144
1000194 0.82857144
1000200 0.82857144
1000202 0.82857144
1000207 0.82857144
1000212 0.82857144
1000214 0.82857144
1000217 0.82857144
1000222 0.82857144
1000223 0.82857144
1000226 0.82857144
1000231 0.17142858
1000233 0.82857144
1000235 0
1000237 0.057142857
1000241 0.014285714
1000244 0.028571429
1000248 0.014285714
1000251 0
1000253 0.014285714
1000256 0
1000261 0.028571429
1000264 0.12857144
1000265 0.15714286
1000268 0.14285715
1000272 0.014285714
1000278 0.071428575
1000281 0.057142857
1000284 0.057142857
1000287 0.014285714
1000293 0.014285714
1000135 0
1000156 0
1000162 0
1000164 0
1000167 0
1000168 0
1000170 0
1000171 0
1000174 0
1000176 0
1000184 0
1000185 0
1000273 0
1000288 0
