1000100 0.98734176
1000300 0
1000103 0
1000104 0.84810126
1000110 0.012658228
1000117 0.06329114
1000121 0.03797468
1000125 0.8227848
1000127 0.835443
1000132 0.8101266
1000133 0.8101266
1000134 0.8101266
1000142 0.012658228
1000145 0.8101266
1000147 0.8101266
1000152 0.8101266
1000157 0.8101266
1000161 0
1000163 0.012658228
1000168 0.012658228
1000175 0.012658228
1000179 0.025316456
1000182 0.8101266
1000183 0.8101266
1000185 0.8101266
1000189 0.012658228
1000195 0.8101266
1000196 0.8101266
1000202 0.8101266
1000204 0.8101266
1000209 0.8101266
1000214 0.8101266
1000216 0.8101266
1000218 0.8101266
1000220 0
1000223 0.8101266
1000224 0.012658228
1000226 0.8101266
1000228 0.8101266
1000233 0.8101266
1000234 0.8101266
1000237 0.8101266
1000242 0.8101266
1000245 0.012658228
1000247 0.025316456
1000249 0.012658228
1000252 0
1000254 0.8101266
1000258 0
1000260 0.012658228
1000264 0.012658228
1000266 0.8101266
1000270 0
1000272 0.012658228
1000276 0
1000278 0.050632913
1000282 0.012658228
1000285 0.025316456
1000289 0.012658228
1000292 0
1000294 0.012658228
1000295 0.012658228
1000298 0.012658228
1000137 0
1000158 0
1000164 0
1000166 0
1000169 0
1000170 0
1000172 0
1000173 0
1000176 0
1000178 0
1000186 0
1000187 0
1000219 0
1000243 0
1000261 0
1000273 0
