1000100 0.98550725
1000292 0
1000104 0.8115942
1000107 0.79710144
1000111 0
1000117 0.014492754
1000124 0.072463766
1000128 0.04347826
1000132 0.7536232
1000134 0.7826087
1000139 0.73913044
1000140 0.73913044
1000141 0.73913044
1000149 0.014492754
1000152 0.73913044
1000154 0.73913044
1000159 0.73913044
1000164 0.73913044
1000168 0
1000170 0.014492754
1000175 0.014492754
1000182 0.014492754
1000186 0.028985508
1000189 0.73913044
1000190 0.73913044
1000192 0.73913044
1000196 0.014492754
1000202 0.73913044
1000203 0.73913044
1000209 0.73913044
1000211 0.73913044
1000216 0.73913044
1000221 0.73913044
1000223 0.73913044
1000225 0.73913044
1000227 0.014492754
1000230 0.73913044
1000231 0.014492754
1000233 0.73913044
1000235 0.73913044
1000240 0.73913044
1000241 0.73913044
1000244 0.73913044
1000250 0
1000253 0
1000255 0
1000257 0.057971016
1000261 0.014492754
1000264 0.028985508
1000268 0.014492754
1000271 0
1000273 0.014492754
1000276 0.014492754
1000280 0
1000283 0.014492754
1000289 0.014492754
1000144 0
1000165 0
1000171 0
1000173 0
1000176 0
1000177 0
1000179 0
1000180 0
1000183 0
1000185 0
1000193 0
1000194 0
1000226 0
