1000100 0.97619045
1000204 0
1000103 0.023809524
1000107 0.8333333
1000109 0.35714287
1000111 0.3809524
1000113 0.4047619
1000114 0.42857143
1000116 0.023809524
1000118 0.33333334
1000121 0.35714287
1000124 0.04761905
1000127 0
1000133 0.35714287
1000135 0.3809524
1000137 0.4047619
1000138 0.42857143
1000140 0.023809524
1000142 0.33333334
1000145 0.35714287
1000148 0.04761905
1000151 0
1000159 0.26190478
1000162 0.2857143
1000165 0.21428572
1000168 0
1000172 0.16666667
1000174 0.1904762
1000177 0.16666667
1000180 0.14285715
1000183 0.14285715
1000186 0.04761905
1000193 0.04761905
1000196 0
1000200 0.023809524
1000202 0.023809524
1000112 0
1000125 0
1000136 0
1000149 0
1000187 0
1000190 0
