1000100 0.9878049
1000313 0
1000103 0
1000104 0.80487806
1000108 0.85365856
1000115 0.0121951215
1000122 0.06097561
1000126 0.036585364
1000130 0.7804878
1000132 0.79268295
1000137 0.76829267
1000138 0.76829267
1000139 0.76829267
1000147 0.0121951215
1000150 0.76829267
1000152 0.76829267
1000157 0.76829267
1000162 0.76829267
1000166 0
1000168 0.0121951215
1000173 0.0121951215
1000180 0.0121951215
1000184 0.024390243
1000187 0.76829267
1000188 0.76829267
1000190 0.76829267
1000194 0.0121951215
1000200 0.76829267
1000201 0.76829267
1000207 0.76829267
1000209 0.76829267
1000214 0.76829267
1000219 0.76829267
1000221 0.76829267
1000223 0.76829267
1000225 0.0121951215
1000228 0.76829267
1000229 0.0121951215
1000231 0.76829267
1000233 0.76829267
1000238 0.76829267
1000239 0.76829267
1000242 0.76829267
1000247 0.76829267
1000250 0.0121951215
1000252 0.024390243
1000254 0.0121951215
1000257 0
1000259 0.76829267
1000263 0
1000265 0.0121951215
1000269 0.0121951215
1000271 0.76829267
1000275 0
1000277 0.0121951215
1000281 0
1000283 0.048780486
1000287 0.0121951215
1000290 0.024390243
1000294 0.0121951215
1000297 0
1000299 0.0121951215
1000301 0.036585364
1000305 0.0121951215
1000310 0
1000311 0.0121951215
1000142 0
1000163 0
1000169 0
1000171 0
1000174 0
1000175 0
1000177 0
1000178 0
1000181 0
1000183 0
1000191 0
1000192 0
1000224 0
1000248 0
1000266 0
1000278 0
