1000100 0.9880952
1000325 0
1000104 0.011904762
1000109 0.011904762
1000113 0
1000114 0.011904762
1000119 0.79761904
1000126 0.011904762
1000133 0.05952381
1000137 0.035714287
1000141 0.77380955
1000143 0.78571427
1000148 0.7619048
1000149 0.7619048
1000150 0.7619048
1000158 0.011904762
1000161 0.7619048
1000163 0.7619048
1000168 0.7619048
1000173 0.7619048
1000177 0
1000179 0.011904762
1000184 0.011904762
1000191 0.011904762
1000195 0.023809524
1000198 0.7619048
1000199 0.7619048
1000201 0.7619048
1000205 0.011904762
1000211 0.7619048
1000212 0.7619048
1000218 0.7619048
1000220 0.7619048
1000225 0.7619048
1000230 0.7619048
1000232 0.7619048
1000234 0.7619048
1000236 0
1000239 0.7619048
1000240 0.011904762
1000242 0.7619048
1000244 0.7619048
1000249 0.7619048
1000250 0.7619048
1000253 0.7619048
1000258 0.7619048
1000261 0.011904762
1000263 0.023809524
1000265 0.011904762
1000268 0
1000270 0.7619048
1000274 0
1000276 0.011904762
1000280 0.011904762
1000282 0.7619048
1000286 0
1000288 0.011904762
1000292 0
1000294 0.04761905
1000298 0.011904762
1000301 0.023809524
1000305 0.011904762
1000308 0
1000310 0.011904762
1000311 0.011904762
1000317 0.011904762
1000322 0
1000323 0.011904762
1000153 0
1000174 0
1000180 0
1000182 0
1000185 0
1000186 0
1000188 0
1000189 0
1000192 0
1000194 0
1000202 0
1000203 0
1000235 0
1000259 0
1000277 0
1000289 0
