1000100 0.9677419
1000185 0
1000103 0
1000104 0.7741935
1000108 0
1000113 0.7096774
1000115 0.7419355
1000118 0.6451613
1000119 0.67741936
1000125 0.4516129
1000126 0.48387095
1000127 0.032258064
1000130 0.516129
1000132 0.5483871
1000138 0.29032257
1000140 0.32258064
1000143 0.12903225
1000144 0.2580645
1000147 0.16129032
1000150 0.06451613
1000155 0.032258064
1000158 0.032258064
1000164 0.032258064
1000166 0.032258064
1000173 0.032258064
1000177 0
1000180 0.032258064
1000131 0
1000148 0
1000156 0
1000167 0
