1000100 0.9859155
1000282 0
1000103 0.18309858
1000105 0.1971831
1000110 0.014084507
1000116 0.04225352
1000123 0.73239434
1000124 0.73239434
1000125 0.73239434
1000133 0.014084507
1000136 0.73239434
1000138 0.73239434
1000143 0.73239434
1000148 0.73239434
1000152 0
1000154 0.014084507
1000159 0.014084507
1000165 0.028169014
1000167 0.014084507
1000171 0.028169014
1000174 0.73239434
1000175 0.73239434
1000177 0.73239434
1000181 0.014084507
1000186 0.73239434
1000188 0.73239434
1000191 0.73239434
1000196 0.73239434
1000197 0.73239434
1000200 0.73239434
1000205 0.18309858
1000207 0.73239434
1000209 0
1000211 0.028169014
1000215 0.014084507
1000218 0
1000220 0.014084507
1000224 0.04225352
1000226 0.056338027
1000228 0.07042254
1000229 0.08450704
1000231 0.014084507
1000234 0.09859155
1000237 0.08450704
1000240 0.08450704
1000243 0.04225352
1000249 0.14084508
1000250 0.16901408
1000253 0.15492958
1000257 0.028169014
1000263 0.08450704
1000266 0.07042254
1000269 0.07042254
1000272 0.028169014
1000278 0.014084507
1000280 0.014084507
1000128 0
1000149 0
1000155 0
1000157 0
1000160 0
1000161 0
1000163 0
1000164 0
1000168 0
1000170 0
1000178 0
1000179 0
1000244 0
1000258 0
1000273 0
