1000100 0.98507464
1000276 0
1000106 0.8208955
1000109 0.80597013
1000113 0.80597013
1000116 0.7910448
1000119 0.7910448
1000125 0.014925373
1000132 0.7910448
1000136 0.7910448
1000138 0.7910448
1000143 0.7910448
1000144 0.7910448
1000145 0.7910448
1000153 0.014925373
1000156 0.7910448
1000158 0.7910448
1000163 0.7910448
1000168 0.7910448
1000172 0
1000174 0.014925373
1000179 0.014925373
1000185 0.029850746
1000187 0.014925373
1000191 0.029850746
1000194 0.7910448
1000195 0.7910448
1000197 0.7910448
1000201 0.014925373
1000206 0.7910448
1000208 0.7910448
1000210 0.7910448
1000212 0.014925373
1000215 0.7910448
1000216 0.014925373
1000218 0.7910448
1000220 0.7910448
1000225 0.7910448
1000226 0.7910448
1000229 0.7910448
1000235 0
1000238 0
1000240 0
1000242 0.7910448
1000246 0.014925373
1000249 0
1000251 0.014925373
1000253 0.104477614
1000256 0.08955224
1000259 0.08955224
1000264 0.04477612
1000267 0.029850746
1000269 0.04477612
1000274 0.014925373
1000148 0
1000169 0
1000175 0
1000177 0
1000180 0
1000181 0
1000183 0
1000184 0
1000188 0
1000190 0
1000198 0
1000199 0
1000211 0
