1000100 0.9861111
1000275 0
1000103 0
1000104 0.8333333
1000108 0.875
1000115 0.013888889
1000122 0.041666668
1000126 0.8055556
1000128 0.8194444
1000133 0.7916667
1000134 0.7916667
1000135 0.7916667
1000143 0.013888889
1000146 0.7916667
1000148 0.7916667
1000153 0.7916667
1000158 0.7916667
1000162 0
1000164 0.013888889
1000169 0.013888889
1000175 0.027777778
1000177 0.013888889
1000181 0.027777778
1000184 0.7916667
1000185 0.7916667
1000187 0.7916667
1000191 0.013888889
1000196 0.7916667
1000198 0.7916667
1000200 0.7916667
1000202 0.013888889
1000205 0.7916667
1000206 0.013888889
1000208 0.7916667
1000210 0.7916667
1000215 0.7916667
1000216 0.7916667
1000219 0.7916667
1000224 0.7916667
1000227 0.013888889
1000229 0.027777778
1000231 0.013888889
1000234 0
1000236 0.7916667
1000240 0
1000242 0.013888889
1000246 0.013888889
1000248 0.7916667
1000252 0
1000254 0.013888889
1000258 0
1000260 0.027777778
1000264 0.013888889
1000267 0
1000269 0.013888889
1000271 0.013888889
1000138 0
1000159 0
1000165 0
1000167 0
1000170 0
1000171 0
1000173 0
1000174 0
1000178 0
1000180 0
1000188 0
1000189 0
1000201 0
1000225 0
1000243 0
1000255 0
