1000100 0.9705882
1000201 0
1000103 0.6764706
1000105 0.7058824
1000108 0.14705883
1000110 0.029411765
1000117 0.029411765
1000123 0.7352941
1000128 0.05882353
1000131 0.2647059
1000132 0.32352942
1000135 0.29411766
1000139 0.029411765
1000145 0.14705883
1000148 0.11764706
1000151 0.11764706
1000154 0.029411765
1000160 0.029411765
1000167 0.05882353
1000170 0.2647059
1000171 0.32352942
1000174 0.29411766
1000178 0.029411765
1000184 0.14705883
1000187 0.11764706
1000190 0.11764706
1000193 0.029411765
1000199 0.029411765
1000113 0
1000120 0
1000140 0
1000155 0
1000179 0
1000194 0
