1000100 0.9677419
1000180 0
1000103 0.12903225
1000107 0.7741935
1000109 0.48387095
1000111 0.516129
1000113 0.5483871
1000114 0.58064514
1000116 0.032258064
1000118 0.4516129
1000121 0.48387095
1000124 0.06451613
1000127 0
1000135 0.3548387
1000138 0.38709676
1000141 0.29032257
1000144 0
1000148 0.22580644
1000150 0.2580645
1000153 0.22580644
1000156 0.19354838
1000159 0.19354838
1000162 0.06451613
1000169 0.06451613
1000172 0
1000176 0.032258064
1000178 0.032258064
1000112 0
1000125 0
1000163 0
1000166 0
