1000100 0.9677419
1000177 0
1000103 0.41935483
1000105 0.4516129
1000108 0.48387095
1000110 0.41935483
1000114 0.7741935
1000119 0.09677419
1000121 0.12903225
1000123 0.16129032
1000124 0.19354838
1000126 0.032258064
1000129 0.22580644
1000132 0.19354838
1000135 0.19354838
1000138 0.09677419
1000144 0.32258064
1000145 0.38709676
1000148 0.3548387
1000152 0.06451613
1000158 0.19354838
1000161 0.16129032
1000164 0.16129032
1000167 0.06451613
1000173 0.032258064
1000175 0.032258064
1000112 0
1000122 0
1000139 0
1000153 0
1000168 0
