1000100 0.9929578
1000441 0
1000103 0
1000104 0.8380282
1000108 0.8802817
1000113 0.0070422534
1000120 0.02112676
1000124 0.4084507
1000126 0.41549295
1000131 0.40140846
1000132 0.40140846
1000133 0.40140846
1000141 0.0070422534
1000144 0.40140846
1000146 0.40140846
1000151 0.40140846
1000156 0.40140846
1000160 0
1000162 0.0070422534
1000167 0.0070422534
1000173 0.014084507
1000175 0.0070422534
1000179 0.014084507
1000182 0.40140846
1000183 0.40140846
1000185 0.40140846
1000189 0.0070422534
1000194 0.40140846
1000196 0.40140846
1000198 0.40140846
1000200 0.0070422534
1000203 0.40140846
1000204 0.0070422534
1000206 0.40140846
1000208 0.40140846
1000213 0.40140846
1000214 0.40140846
1000217 0.40140846
1000222 0.40140846
1000225 0.0070422534
1000227 0.014084507
1000229 0.0070422534
1000232 0
1000234 0.40140846
1000238 0
1000240 0.0070422534
1000244 0.0070422534
1000246 0.40140846
1000250 0
1000252 0.0070422534
1000256 0
1000258 0.014084507
1000262 0.0070422534
1000265 0
1000267 0.0070422534
1000273 0.0070422534
1000280 0.02112676
1000284 0.4084507
1000286 0.41549295
1000291 0.40140846
1000292 0.40140846
1000293 0.40140846
1000301 0.0070422534
1000304 0.40140846
1000306 0.40140846
1000311 0.40140846
1000316 0.40140846
1000320 0
1000322 0.0070422534
1000327 0.0070422534
1000333 0.014084507
1000335 0.0070422534
1000339 0.014084507
1000342 0.40140846
1000343 0.40140846
1000345 0.40140846
1000349 0.0070422534
1000354 0.40140846
1000356 0.40140846
1000358 0.40140846
1000360 0.0070422534
1000363 0.40140846
1000364 0.0070422534
1000366 0.40140846
1000368 0.40140846
1000373 0.40140846
1000374 0.40140846
1000377 0.40140846
1000382 0.40140846
1000385 0.0070422534
1000387 0.014084507
1000389 0.0070422534
1000392 0
1000394 0.40140846
1000398 0
1000400 0.0070422534
1000404 0.0070422534
1000406 0.40140846
1000410 0
1000412 0.0070422534
1000416 0
1000418 0.014084507
1000422 0.0070422534
1000425 0
1000427 0.0070422534
1000429 0.02112676
1000432 0
1000433 0.0070422534
1000438 0
1000439 0.0070422534
1000136 0
1000157 0
1000163 0
1000165 0
1000168 0
1000169 0
1000171 0
1000172 0
1000176 0
1000178 0
1000186 0
1000187 0
1000199 0
1000223 0
1000241 0
1000253 0
1000296 0
1000317 0
1000323 0
1000325 0
1000328 0
1000329 0
1000331 0
1000332 0
1000336 0
1000338 0
1000346 0
1000347 0
1000359 0
1000383 0
1000401 0
1000413 0
