1000100 0.9736842
1000206 0
1000104 0.4473684
1000106 0.47368422
1000108 0.5
1000109 0.5263158
1000111 0
1000114 0.39473686
1000116 0.42105263
1000118 0.4473684
1000119 0.47368422
1000121 0.02631579
1000123 0.42105263
1000126 0.4473684
1000129 0.02631579
1000132 0
1000136 0.36842105
1000139 0.39473686
1000142 0.10526316
1000145 0
1000150 0
1000152 0.02631579
1000156 0.078947365
1000163 0.28947368
1000166 0.31578946
1000169 0.23684211
1000172 0
1000176 0.18421052
1000178 0.21052632
1000181 0.18421052
1000184 0.15789473
1000187 0.15789473
1000190 0.05263158
1000197 0.05263158
1000200 0
1000204 0.02631579
1000191 0
1000194 0
