1000100 0.9875
1000318 0
1000103 0.1625
1000105 0.175
1000108 0
1000113 0.0125
1000119 0.0625
1000123 0.0375
1000130 0.725
1000131 0.725
1000132 0.725
1000140 0.0125
1000143 0.725
1000145 0.725
1000150 0.725
1000155 0.725
1000159 0
1000161 0.0125
1000166 0.0125
1000173 0.0125
1000177 0.025
1000180 0.725
1000181 0.725
1000183 0.725
1000187 0.0125
1000193 0.725
1000194 0.725
1000200 0.725
1000202 0.725
1000207 0.725
1000212 0.725
1000214 0.725
1000217 0.725
1000222 0.725
1000223 0.725
1000226 0.725
1000231 0.1625
1000233 0.725
1000235 0
1000237 0.05
1000241 0.0125
1000244 0.025
1000248 0.0125
1000251 0
1000253 0.0125
1000255 0
1000260 0.0375
1000262 0.05
1000264 0.0625
1000265 0.075
1000267 0.0125
1000270 0.0875
1000273 0.075
1000276 0.075
1000279 0.0375
1000285 0.125
1000286 0.15
1000289 0.1375
1000293 0.025
1000299 0.075
1000302 0.0625
1000305 0.0625
1000308 0.025
1000314 0.0125
1000316 0.0125
1000135 0
1000156 0
1000162 0
1000164 0
1000167 0
1000168 0
1000170 0
1000171 0
1000174 0
1000176 0
1000184 0
1000185 0
1000280 0
1000294 0
1000309 0
