1000100 0.9677419
1000172 0
1000103 0.032258064
1000107 0.6451613
1000109 0.12903225
1000111 0.16129032
1000113 0.19354838
1000114 0.22580644
1000116 0
1000118 0.12903225
1000125 0.12903225
1000127 0.16129032
1000129 0.19354838
1000130 0.22580644
1000132 0
1000134 0.12903225
1000141 0.19354838
1000144 0.22580644
1000147 0.12903225
1000150 0
1000154 0.09677419
1000157 0.12903225
1000159 0.032258064
1000161 0.09677419
1000164 0
1000168 0.06451613
1000170 0.032258064
1000112 0
1000119 0
1000128 0
1000135 0
