1000100 0.9814815
1000243 0
1000103 0
1000104 0.9074074
1000108 0.9074074
1000112 0.44444445
1000114 0.46296296
1000117 0.4074074
1000118 0.42592594
1000124 0.2962963
1000125 0.3148148
1000126 0
1000129 0.33333334
1000131 0.35185185
1000137 0.2037037
1000139 0.22222222
1000142 0.11111111
1000143 0.18518518
1000146 0.12962963
1000149 0.037037037
1000154 0.055555556
1000157 0.018518519
1000163 0.018518519
1000165 0.055555556
1000174 0.44444445
1000176 0.46296296
1000179 0.4074074
1000180 0.42592594
1000186 0.2962963
1000187 0.3148148
1000188 0
1000191 0.33333334
1000193 0.35185185
1000199 0.2037037
1000201 0.22222222
1000204 0.11111111
1000205 0.18518518
1000208 0.12962963
1000211 0.037037037
1000216 0.055555556
1000219 0.018518519
1000225 0.018518519
1000227 0.055555556
1000233 0.055555556
1000235 0.018518519
1000240 0.018518519
1000130 0
1000147 0
1000155 0
1000166 0
1000192 0
1000209 0
1000217 0
1000228 0
