1000100 0.9925373
1000479 0
1000103 0.1716418
1000105 0.17910448
1000108 0.91791046
1000113 0.0074626864
1000119 0.03731343
1000123 0.02238806
1000130 0.5074627
1000131 0.5074627
1000132 0.5074627
1000140 0.0074626864
1000143 0.5074627
1000145 0.5074627
1000150 0.5074627
1000155 0.5074627
1000159 0
1000161 0.0074626864
1000166 0.0074626864
1000173 0.0074626864
1000177 0.014925373
1000180 0.5074627
1000181 0.5074627
1000183 0.5074627
1000187 0.0074626864
1000193 0.5074627
1000194 0.5074627
1000200 0.5074627
1000202 0.5074627
1000207 0.5074627
1000212 0.5074627
1000214 0.5074627
1000217 0.5074627
1000222 0.5074627
1000223 0.5074627
1000226 0.5074627
1000231 0.1716418
1000233 0.5074627
1000235 0
1000237 0.029850746
1000241 0.0074626864
1000244 0.014925373
1000248 0.0074626864
1000251 0
1000253 0.0074626864
1000259 0.0074626864
1000265 0.03731343
1000269 0.02238806
1000276 0.5074627
1000277 0.5074627
1000278 0.5074627
1000286 0.0074626864
1000289 0.5074627
1000291 0.5074627
1000296 0.5074627
1000301 0.5074627
1000305 0
1000307 0.0074626864
1000312 0.0074626864
1000319 0.0074626864
1000323 0.014925373
1000326 0.5074627
1000327 0.5074627
1000329 0.5074627
1000333 0.0074626864
1000339 0.5074627
1000340 0.5074627
1000346 0.5074627
1000348 0.5074627
1000353 0.5074627
1000358 0.5074627
1000360 0.5074627
1000363 0.5074627
1000368 0.5074627
1000369 0.5074627
1000372 0.5074627
1000377 0.1716418
1000379 0.5074627
1000381 0
1000383 0.029850746
1000387 0.0074626864
1000390 0.014925373
1000394 0.0074626864
1000397 0
1000399 0.0074626864
1000401 0.18656716
1000406 0.014925373
1000409 0.06716418
1000410 0.08208955
1000413 0.07462686
1000417 0.0074626864
1000423 0.03731343
1000426 0.029850746
1000429 0.029850746
1000432 0.0074626864
1000438 0.0074626864
1000445 0.014925373
1000448 0.06716418
1000449 0.08208955
1000452 0.07462686
1000456 0.0074626864
1000462 0.03731343
1000465 0.029850746
1000468 0.029850746
1000471 0.0074626864
1000477 0.0074626864
1000135 0
1000156 0
1000162 0
1000164 0
1000167 0
1000168 0
1000170 0
1000171 0
1000174 0
1000176 0
1000184 0
1000185 0
1000281 0
1000302 0
1000308 0
1000310 0
1000313 0
1000314 0
1000316 0
1000317 0
1000320 0
1000322 0
1000330 0
1000331 0
1000418 0
1000433 0
1000457 0
1000472 0
