1000100 0.98039216
1000226 0
1000103 0.039215688
1000105 0.05882353
1000110 0.019607844
1000116 0.05882353
1000123 0.8039216
1000124 0.8039216
1000125 0.8039216
1000133 0.019607844
1000136 0.8039216
1000138 0.8039216
1000143 0.8039216
1000148 0.8039216
1000152 0
1000154 0.019607844
1000159 0.019607844
1000165 0.039215688
1000167 0.019607844
1000171 0.039215688
1000174 0.8039216
1000175 0.8039216
1000177 0.8039216
1000181 0.019607844
1000186 0.8039216
1000188 0.8039216
1000191 0.8039216
1000196 0.8039216
1000197 0.8039216
1000200 0.8039216
1000205 0.039215688
1000207 0.8039216
1000209 0
1000211 0.039215688
1000215 0.019607844
1000218 0
1000220 0.019607844
1000221 0.019607844
1000224 0.019607844
1000128 0
1000149 0
1000155 0
1000157 0
1000160 0
1000161 0
1000163 0
1000164 0
1000168 0
1000170 0
1000178 0
1000179 0
