1000100 0.9868421
1000294 0
1000104 0.013157895
1000109 0.013157895
1000113 0
1000114 0.013157895
1000119 0.81578946
1000126 0.013157895
1000133 0.039473683
1000137 0.7894737
1000139 0.80263156
1000144 0.7763158
1000145 0.7763158
1000146 0.7763158
1000154 0.013157895
1000157 0.7763158
1000159 0.7763158
1000164 0.7763158
1000169 0.7763158
1000173 0
1000175 0.013157895
1000180 0.013157895
1000186 0.02631579
1000188 0.013157895
1000192 0.02631579
1000195 0.7763158
1000196 0.7763158
1000198 0.7763158
1000202 0.013157895
1000207 0.7763158
1000209 0.7763158
1000211 0.7763158
1000213 0
1000216 0.7763158
1000217 0.013157895
1000219 0.7763158
1000221 0.7763158
1000226 0.7763158
1000227 0.7763158
1000230 0.7763158
1000235 0.7763158
1000238 0.013157895
1000240 0.02631579
1000242 0.013157895
1000245 0
1000247 0.7763158
1000251 0
1000253 0.013157895
1000257 0.013157895
1000259 0.7763158
1000263 0
1000265 0.013157895
1000269 0
1000271 0.02631579
1000275 0.013157895
1000278 0
1000280 0.013157895
1000281 0.013157895
1000287 0.02631579
1000291 0.013157895
1000149 0
1000170 0
1000176 0
1000178 0
1000181 0
1000182 0
1000184 0
1000185 0
1000189 0
1000191 0
1000199 0
1000200 0
1000212 0
1000236 0
1000254 0
1000266 0
