1000100 0.987013
1000295 0
1000104 0.012987013
1000109 0.012987013
1000113 0
1000114 0.012987013
1000119 0.7922078
1000126 0.012987013
1000133 0.038961038
1000137 0.76623374
1000139 0.77922076
1000144 0.7532467
1000145 0.7532467
1000146 0.7532467
1000154 0.012987013
1000157 0.7532467
1000159 0.7532467
1000164 0.7532467
1000169 0.7532467
1000173 0
1000175 0.012987013
1000180 0.012987013
1000186 0.025974026
1000188 0.012987013
1000192 0.025974026
1000195 0.7532467
1000196 0.7532467
1000198 0.7532467
1000202 0.012987013
1000207 0.7532467
1000209 0.7532467
1000211 0.7532467
1000213 0
1000216 0.7532467
1000217 0.012987013
1000219 0.7532467
1000221 0.7532467
1000226 0.7532467
1000227 0.7532467
1000230 0.7532467
1000235 0.7532467
1000238 0.012987013
1000240 0.025974026
1000242 0.012987013
1000245 0
1000247 0.7532467
1000251 0
1000253 0.012987013
1000257 0.012987013
1000259 0.7532467
1000263 0
1000265 0.012987013
1000269 0
1000271 0.025974026
1000275 0.012987013
1000278 0
1000280 0.012987013
1000281 0.012987013
1000287 0.012987013
1000292 0
1000293 0.012987013
1000149 0
1000170 0
1000176 0
1000178 0
1000181 0
1000182 0
1000184 0
1000185 0
1000189 0
1000191 0
1000199 0
1000200 0
1000212 0
1000236 0
1000254 0
1000266 0
