1000100 0.9868421
1000287 0
1000103 0
1000104 0.80263156
1000108 0
1000114 0.013157895
1000121 0.039473683
1000125 0.7763158
1000127 0.7894737
1000132 0.7631579
1000133 0.7631579
1000134 0.7631579
1000142 0.013157895
1000145 0.7631579
1000147 0.7631579
1000152 0.7631579
1000157 0.7631579
1000161 0
1000163 0.013157895
1000168 0.013157895
1000174 0.02631579
1000176 0.013157895
1000180 0.02631579
1000183 0.7631579
1000184 0.7631579
1000186 0.7631579
1000190 0.013157895
1000195 0.7631579
1000197 0.7631579
1000199 0.7631579
1000201 0.013157895
1000204 0.7631579
1000205 0.013157895
1000207 0.7631579
1000209 0.7631579
1000214 0.7631579
1000215 0.7631579
1000218 0.7631579
1000223 0.7631579
1000226 0.013157895
1000228 0.02631579
1000230 0.013157895
1000233 0
1000235 0.7631579
1000239 0
1000241 0.013157895
1000245 0.013157895
1000247 0.7631579
1000251 0
1000253 0.013157895
1000257 0
1000259 0.02631579
1000263 0.013157895
1000266 0
1000268 0.013157895
1000271 0.013157895
1000275 0
1000278 0.013157895
1000283 0
1000284 0.013157895
1000137 0
1000158 0
1000164 0
1000166 0
1000169 0
1000170 0
1000172 0
1000173 0
1000177 0
1000179 0
1000187 0
1000188 0
1000200 0
1000224 0
1000242 0
1000254 0
