1000100 0.98
1000237 0
1000103 0.02
1000105 0.04
1000108 0.46
1000110 0.42
1000115 0.42
1000119 0.86
1000124 0.06
1000126 0.08
1000128 0.1
1000129 0.12
1000131 0.02
1000134 0.14
1000137 0.12
1000140 0.12
1000143 0.06
1000149 0.2
1000153 0.04
1000159 0.12
1000162 0.1
1000165 0.1
1000168 0.04
1000174 0.02
1000176 0.02
1000183 0.06
1000185 0.08
1000187 0.1
1000188 0.12
1000190 0.02
1000193 0.14
1000196 0.12
1000199 0.12
1000202 0.06
1000208 0.2
1000212 0.04
1000218 0.12
1000221 0.1
1000224 0.1
1000227 0.04
1000233 0.02
1000235 0.02
1000127 0
1000144 0
1000154 0
1000169 0
1000186 0
1000203 0
1000213 0
1000228 0
