1000100 0.9677419
1000191 0
1000103 0.41935483
1000105 0.4516129
1000108 0
1000111 0.032258064
1000118 0.032258064
1000122 0
1000125 0.032258064
1000132 0.09677419
1000134 0.12903225
1000136 0.16129032
1000137 0.19354838
1000139 0.032258064
1000142 0.22580644
1000145 0.19354838
1000148 0.19354838
1000151 0.09677419
1000157 0.32258064
1000158 0.38709676
1000161 0.3548387
1000165 0.06451613
1000171 0.19354838
1000174 0.16129032
1000177 0.16129032
1000180 0.06451613
1000186 0.032258064
1000188 0.032258064
1000152 0
1000166 0
1000181 0
