1000100 0.984375
1000272 0
1000103 0.1875
1000105 0.203125
1000108 0.859375
1000115 0.015625
1000121 0.046875
1000128 0.796875
1000129 0.796875
1000130 0.796875
1000138 0.015625
1000141 0.796875
1000143 0.796875
1000148 0.796875
1000153 0.796875
1000157 0
1000159 0.015625
1000164 0.015625
1000170 0.03125
1000172 0.015625
1000176 0.03125
1000179 0.796875
1000180 0.796875
1000182 0.796875
1000186 0.015625
1000191 0.796875
1000193 0.796875
1000196 0.796875
1000201 0.796875
1000202 0.796875
1000205 0.796875
1000210 0.1875
1000212 0.796875
1000214 0
1000216 0.03125
1000220 0.015625
1000223 0
1000225 0.015625
1000227 0.21875
1000231 0.015625
1000238 0.03125
1000241 0.140625
1000242 0.171875
1000245 0.15625
1000249 0.015625
1000255 0.078125
1000258 0.0625
1000261 0.0625
1000264 0.015625
1000270 0.015625
1000133 0
1000154 0
1000160 0
1000162 0
1000165 0
1000166 0
1000168 0
1000169 0
1000173 0
1000175 0
1000183 0
1000184 0
1000250 0
1000265 0
