1000100 0.9876543
1000322 0
1000103 0.16049382
1000105 0.17283951
1000108 0.9259259
1000115 0.012345679
1000121 0.061728396
1000125 0.037037037
1000132 0.7160494
1000133 0.7160494
1000134 0.7160494
1000142 0.012345679
1000145 0.7160494
1000147 0.7160494
1000152 0.7160494
1000157 0.7160494
1000161 0
1000163 0.012345679
1000168 0.012345679
1000175 0.012345679
1000179 0.024691358
1000182 0.7160494
1000183 0.7160494
1000185 0.7160494
1000189 0.012345679
1000195 0.7160494
1000196 0.7160494
1000202 0.7160494
1000204 0.7160494
1000209 0.7160494
1000214 0.7160494
1000216 0.7160494
1000219 0.7160494
1000224 0.7160494
1000225 0.7160494
1000228 0.7160494
1000233 0.16049382
1000235 0.7160494
1000237 0
1000239 0.049382716
1000243 0.012345679
1000246 0.024691358
1000250 0.012345679
1000253 0
1000255 0.012345679
1000257 0.2962963
1000264 0.037037037
1000266 0.049382716
1000268 0.061728396
1000269 0.074074075
1000271 0.012345679
1000274 0.086419754
1000277 0.074074075
1000280 0.074074075
1000283 0.037037037
1000289 0.12345679
1000290 0.14814815
1000293 0.13580246
1000297 0.024691358
1000303 0.074074075
1000306 0.061728396
1000309 0.061728396
1000312 0.024691358
1000318 0.012345679
1000320 0.012345679
1000137 0
1000158 0
1000164 0
1000166 0
1000169 0
1000170 0
1000172 0
1000173 0
1000176 0
1000178 0
1000186 0
1000187 0
1000267 0
1000284 0
1000298 0
1000313 0
