1000100 0.98571426
1000298 0
1000103 0.17142858
1000105 0.18571429
1000108 0.8857143
1000115 0.014285714
1000121 0.071428575
1000125 0.042857144
1000132 0.8142857
1000133 0.8142857
1000134 0.8142857
1000142 0.014285714
1000145 0.8142857
1000147 0.8142857
1000152 0.8142857
1000157 0.8142857
1000161 0
1000163 0.014285714
1000168 0.014285714
1000175 0.014285714
1000179 0.028571429
1000182 0.8142857
1000183 0.8142857
1000185 0.8142857
1000189 0.014285714
1000195 0.8142857
1000196 0.8142857
1000202 0.8142857
1000204 0.8142857
1000209 0.8142857
1000214 0.8142857
1000216 0.8142857
1000219 0.8142857
1000224 0.8142857
1000225 0.8142857
1000228 0.8142857
1000233 0.17142858
1000235 0.8142857
1000237 0
1000239 0.057142857
1000243 0.014285714
1000246 0.028571429
1000250 0.014285714
1000253 0
1000255 0.014285714
1000257 0.18571429
1000264 0.028571429
1000267 0.12857144
1000268 0.15714286
1000271 0.14285715
1000275 0.014285714
1000281 0.071428575
1000284 0.057142857
1000287 0.057142857
1000290 0.014285714
1000296 0.014285714
1000137 0
1000158 0
1000164 0
1000166 0
1000169 0
1000170 0
1000172 0
1000173 0
1000176 0
1000178 0
1000186 0
1000187 0
1000276 0
1000291 0
