1000100 0.9882353
1000321 0
1000105 0
1000106 0.84705883
1000110 0.84705883
1000113 0.8352941
1000116 0.8352941
1000122 0.011764706
1000129 0.8352941
1000133 0.8352941
1000137 0.8352941
1000139 0.8352941
1000144 0.8352941
1000145 0.8352941
1000146 0.8352941
1000154 0.011764706
1000157 0.8352941
1000159 0.8352941
1000164 0.8352941
1000169 0.8352941
1000173 0
1000175 0.011764706
1000180 0.011764706
1000187 0.011764706
1000191 0.023529412
1000194 0.8352941
1000195 0.8352941
1000197 0.8352941
1000201 0.011764706
1000207 0.8352941
1000208 0.8352941
1000214 0.8352941
1000216 0.8352941
1000221 0.8352941
1000226 0.8352941
1000228 0.8352941
1000230 0.8352941
1000232 0.011764706
1000235 0.8352941
1000236 0.011764706
1000238 0.8352941
1000240 0.8352941
1000245 0.8352941
1000246 0.8352941
1000249 0.8352941
1000254 0.8352941
1000257 0.011764706
1000259 0.023529412
1000261 0.011764706
1000264 0
1000266 0.8352941
1000270 0
1000272 0.011764706
1000276 0.011764706
1000278 0.8352941
1000282 0
1000284 0.011764706
1000288 0
1000290 0.8352941
1000294 0.011764706
1000297 0.8352941
1000301 0.011764706
1000304 0
1000306 0.011764706
1000308 0.047058824
1000311 0.03529412
1000314 0.03529412
1000318 0
1000319 0.011764706
1000149 0
1000170 0
1000176 0
1000178 0
1000181 0
1000182 0
1000184 0
1000185 0
1000188 0
1000190 0
1000198 0
1000199 0
1000231 0
1000255 0
1000273 0
1000285 0
