1000100 0.97727275
1000232 0
1000104 0.8181818
1000107 0.79545456
1000111 0.79545456
1000115 0.3181818
1000117 0.4318182
1000121 0.27272728
1000122 0.29545453
1000127 0.22727273
1000129 0.25
1000133 0.20454545
1000138 0.045454547
1000139 0.09090909
1000140 0
1000143 0.11363637
1000145 0.13636364
1000151 0.022727273
1000153 0.022727273
1000159 0.3181818
1000161 0.4318182
1000165 0.27272728
1000166 0.29545453
1000171 0.22727273
1000173 0.25
1000177 0.20454545
1000182 0.045454547
1000183 0.09090909
1000184 0
1000187 0.11363637
1000189 0.13636364
1000195 0.022727273
1000197 0.022727273
1000200 0.20454545
1000204 0.06818182
1000207 0.045454547
1000209 0.06818182
1000214 0.022727273
1000220 0.06818182
1000223 0.045454547
1000225 0.06818182
1000230 0.022727273
1000144 0
1000188 0
