1000100 0.9934211
1000493 0
1000103 0
1000104 0.8618421
1000108 0.9144737
1000113 0.0065789474
1000120 0.032894738
1000124 0.019736841
1000128 0.42105263
1000130 0.4276316
1000135 0.41447368
1000136 0.41447368
1000137 0.41447368
1000145 0.0065789474
1000148 0.41447368
1000150 0.41447368
1000155 0.41447368
1000160 0.41447368
1000164 0
1000166 0.0065789474
1000171 0.0065789474
1000178 0.0065789474
1000182 0.013157895
1000185 0.41447368
1000186 0.41447368
1000188 0.41447368
1000192 0.0065789474
1000198 0.41447368
1000199 0.41447368
1000205 0.41447368
1000207 0.41447368
1000212 0.41447368
1000217 0.41447368
1000219 0.41447368
1000221 0.41447368
1000223 0.0065789474
1000226 0.41447368
1000227 0.0065789474
1000229 0.41447368
1000231 0.41447368
1000236 0.41447368
1000237 0.41447368
1000240 0.41447368
1000245 0.41447368
1000248 0.0065789474
1000250 0.013157895
1000252 0.0065789474
1000255 0
1000257 0.41447368
1000261 0
1000263 0.0065789474
1000267 0.0065789474
1000269 0.41447368
1000273 0
1000275 0.0065789474
1000279 0
1000281 0.02631579
1000285 0.0065789474
1000288 0.013157895
1000292 0.0065789474
1000295 0
1000297 0.0065789474
1000303 0.0065789474
1000310 0.032894738
1000314 0.019736841
1000318 0.42105263
1000320 0.4276316
1000325 0.41447368
1000326 0.41447368
1000327 0.41447368
1000335 0.0065789474
1000338 0.41447368
1000340 0.41447368
1000345 0.41447368
1000350 0.41447368
1000354 0
1000356 0.0065789474
1000361 0.0065789474
1000368 0.0065789474
1000372 0.013157895
1000375 0.41447368
1000376 0.41447368
1000378 0.41447368
1000382 0.0065789474
1000388 0.41447368
1000389 0.41447368
1000395 0.41447368
1000397 0.41447368
1000402 0.41447368
1000407 0.41447368
1000409 0.41447368
1000411 0.41447368
1000413 0.0065789474
1000416 0.41447368
1000417 0.0065789474
1000419 0.41447368
1000421 0.41447368
1000426 0.41447368
1000427 0.41447368
1000430 0.41447368
1000435 0.41447368
1000438 0.0065789474
1000440 0.013157895
1000442 0.0065789474
1000445 0
1000447 0.41447368
1000451 0
1000453 0.0065789474
1000457 0.0065789474
1000459 0.41447368
1000463 0
1000465 0.0065789474
1000469 0
1000471 0.02631579
1000475 0.0065789474
1000478 0.013157895
1000482 0.0065789474
1000485 0
1000487 0.0065789474
1000489 0.0065789474
1000140 0
1000161 0
1000167 0
1000169 0
1000172 0
1000173 0
1000175 0
1000176 0
1000179 0
1000181 0
1000189 0
1000190 0
1000222 0
1000246 0
1000264 0
1000276 0
1000330 0
1000351 0
1000357 0
1000359 0
1000362 0
1000363 0
1000365 0
1000366 0
1000369 0
1000371 0
1000379 0
1000380 0
1000412 0
1000436 0
1000454 0
1000466 0
