1000100 0.984127
1000264 0
1000103 0.1904762
1000105 0.20634921
1000108 0.8730159
1000113 0.015873017
1000119 0.04761905
1000126 0.8095238
1000127 0.8095238
1000128 0.8095238
1000136 0.015873017
1000139 0.8095238
1000141 0.8095238
1000146 0.8095238
1000151 0.8095238
1000155 0
1000157 0.015873017
1000162 0.015873017
1000168 0.031746034
1000170 0.015873017
1000174 0.031746034
1000177 0.8095238
1000178 0.8095238
1000180 0.8095238
1000184 0.015873017
1000189 0.8095238
1000191 0.8095238
1000194 0.8095238
1000199 0.8095238
1000200 0.8095238
1000203 0.8095238
1000208 0.1904762
1000210 0.8095238
1000212 0
1000214 0.031746034
1000218 0.015873017
1000221 0
1000223 0.015873017
1000225 0.20634921
1000230 0.031746034
1000233 0.14285715
1000234 0.17460318
1000237 0.15873016
1000241 0.015873017
1000247 0.07936508
1000250 0.06349207
1000253 0.06349207
1000256 0.015873017
1000262 0.015873017
1000131 0
1000152 0
1000158 0
1000160 0
1000163 0
1000164 0
1000166 0
1000167 0
1000171 0
1000173 0
1000181 0
1000182 0
1000242 0
1000257 0
