1000100 0.9677419
1000177 0
1000103 0.4516129
1000107 0
1000111 0.58064514
1000113 0.61290324
1000115 0.6451613
1000116 0.67741936
1000118 0.032258064
1000120 0.5483871
1000123 0.58064514
1000126 0.516129
1000129 0
1000133 0.4516129
1000135 0.48387095
1000140 0
1000144 0.3548387
1000146 0.38709676
1000147 0.41935483
1000151 0.16129032
1000153 0.19354838
1000155 0.22580644
1000156 0
1000159 0
1000161 0.12903225
1000164 0.16129032
1000165 0.032258064
1000168 0.032258064
1000170 0.032258064
1000171 0.09677419
1000174 0.032258064
