1000100 0.9861111
1000306 0
1000103 0.16666667
1000105 0.18055555
1000108 0
1000114 0.013888889
1000120 0.06944445
1000124 0.041666668
1000131 0.8055556
1000132 0.8055556
1000133 0.8055556
1000141 0.013888889
1000144 0.8055556
1000146 0.8055556
1000151 0.8055556
1000156 0.8055556
1000160 0
1000162 0.013888889
1000167 0.013888889
1000174 0.013888889
1000178 0.027777778
1000181 0.8055556
1000182 0.8055556
1000184 0.8055556
1000188 0.013888889
1000194 0.8055556
1000195 0.8055556
1000201 0.8055556
1000203 0.8055556
1000208 0.8055556
1000213 0.8055556
1000215 0.8055556
1000218 0.8055556
1000223 0.8055556
1000224 0.8055556
1000227 0.8055556
1000232 0.16666667
1000234 0.8055556
1000236 0
1000238 0.055555556
1000242 0.013888889
1000245 0.027777778
1000249 0.013888889
1000252 0
1000254 0.013888889
1000257 0.013888889
1000261 0
1000264 0.013888889
1000271 0.027777778
1000274 0.125
1000275 0.15277778
1000278 0.1388889
1000282 0.013888889
1000288 0.06944445
1000291 0.055555556
1000294 0.055555556
1000297 0.013888889
1000303 0.013888889
1000136 0
1000157 0
1000163 0
1000165 0
1000168 0
1000169 0
1000171 0
1000172 0
1000175 0
1000177 0
1000185 0
1000186 0
1000283 0
1000298 0
