1000100 0.9864865
1000282 0
1000104 0
1000105 0.8243243
1000111 0.013513514
1000118 0.04054054
1000122 0.7972973
1000124 0.8108108
1000129 0.7837838
1000130 0.7837838
1000131 0.7837838
1000139 0.013513514
1000142 0.7837838
1000144 0.7837838
1000149 0.7837838
1000154 0.7837838
1000158 0
1000160 0.013513514
1000165 0.013513514
1000171 0.027027028
1000173 0.013513514
1000177 0.027027028
1000180 0.7837838
1000181 0.7837838
1000183 0.7837838
1000187 0.013513514
1000192 0.7837838
1000194 0.7837838
1000196 0.7837838
1000198 0
1000201 0.7837838
1000202 0.013513514
1000204 0.7837838
1000206 0.7837838
1000211 0.7837838
1000212 0.7837838
1000215 0.7837838
1000220 0.7837838
1000223 0.013513514
1000225 0.027027028
1000227 0.013513514
1000230 0
1000232 0.7837838
1000236 0
1000238 0.013513514
1000242 0.013513514
1000244 0.7837838
1000248 0
1000250 0.013513514
1000254 0
1000256 0.027027028
1000260 0.013513514
1000263 0
1000265 0.013513514
1000266 0.013513514
1000273 0.013513514
1000279 0
1000280 0.013513514
1000134 0
1000155 0
1000161 0
1000163 0
1000166 0
1000167 0
1000169 0
1000170 0
1000174 0
1000176 0
1000184 0
1000185 0
1000197 0
1000221 0
1000239 0
1000251 0
