1000100 0.97619045
1000233 0
1000103 0.54761904
1000105 0.5714286
1000108 0.8333333
1000112 0.6666667
1000116 0.61904764
1000117 0.64285713
1000123 0.54761904
1000125 0.5714286
1000129 0.023809524
1000135 0.6666667
1000139 0.61904764
1000140 0.64285713
1000146 0.54761904
1000148 0.5714286
1000152 0.023809524
1000155 0.5952381
1000160 0.04761905
1000163 0.21428572
1000164 0.26190478
1000167 0.23809524
1000171 0.023809524
1000177 0.11904762
1000180 0.0952381
1000183 0.0952381
1000186 0.023809524
1000192 0.023809524
1000199 0.04761905
1000202 0.21428572
1000203 0.26190478
1000206 0.23809524
1000210 0.023809524
1000216 0.11904762
1000219 0.0952381
1000222 0.0952381
1000225 0.023809524
1000231 0.023809524
1000172 0
1000187 0
1000211 0
1000226 0
