1000100 0.9722222
1000189 0
1000103 0.027777778
1000107 0.8055556
1000111 0.22222222
1000113 0.25
1000115 0.2777778
1000116 0.30555555
1000118 0.027777778
1000120 0.19444445
1000123 0.22222222
1000126 0.11111111
1000129 0
1000133 0.083333336
1000140 0.22222222
1000142 0.25
1000144 0.2777778
1000145 0.30555555
1000147 0.027777778
1000149 0.19444445
1000152 0.22222222
1000155 0.11111111
1000158 0
1000162 0.083333336
1000167 0.11111111
1000170 0.1388889
1000171 0.16666667
1000175 0.083333336
1000178 0.027777778
1000179 0.055555556
1000184 0.055555556
1000187 0.027777778
1000114 0
1000127 0
1000143 0
1000156 0
