1000100 0.9859155
1000294 0
1000104 0.7887324
1000107 0.7746479
1000111 0.8309859
1000116 0.014084507
1000123 0.07042254
1000127 0.04225352
1000131 0.7183099
1000133 0.7605634
1000138 0.70422536
1000139 0.70422536
1000140 0.70422536
1000148 0.014084507
1000151 0.70422536
1000153 0.70422536
1000158 0.70422536
1000163 0.70422536
1000167 0
1000169 0.014084507
1000174 0.014084507
1000181 0.014084507
1000185 0.028169014
1000188 0.70422536
1000189 0.70422536
1000191 0.70422536
1000195 0.014084507
1000201 0.70422536
1000202 0.70422536
1000208 0.70422536
1000210 0.70422536
1000215 0.70422536
1000220 0.70422536
1000222 0.70422536
1000224 0.70422536
1000226 0.014084507
1000229 0.70422536
1000230 0.014084507
1000232 0.70422536
1000234 0.70422536
1000239 0.70422536
1000240 0.70422536
1000243 0.70422536
1000249 0
1000252 0
1000254 0
1000256 0.056338027
1000260 0.014084507
1000263 0.028169014
1000267 0.014084507
1000270 0
1000272 0.014084507
1000274 0.08450704
1000276 0.014084507
1000282 0.04225352
1000285 0.028169014
1000287 0.04225352
1000292 0.014084507
1000143 0
1000164 0
1000170 0
1000172 0
1000175 0
1000176 0
1000178 0
1000179 0
1000182 0
1000184 0
1000192 0
1000193 0
1000225 0
