1000100 0.9714286
1000193 0
1000105 0.37142858
1000107 0.4
1000110 0.4857143
1000113 0.45714286
1000116 0.45714286
1000119 0.37142858
1000123 0.74285716
1000126 0.71428573
1000129 0.71428573
1000135 0.08571429
1000137 0.114285715
1000139 0.14285715
1000140 0.17142858
1000142 0.028571429
1000145 0.2
1000148 0.17142858
1000151 0.17142858
1000154 0.08571429
1000160 0.2857143
1000161 0.34285715
1000164 0.34285715
1000168 0.057142857
1000174 0.17142858
1000177 0.14285715
1000180 0.14285715
1000183 0.057142857
1000189 0.028571429
1000191 0.028571429
1000121 0
1000138 0
1000155 0
1000169 0
1000184 0
