1000100 0.9655172
1000182 0
1000103 0.51724136
1000105 0.55172414
1000107 0.03448276
1000114 0.4827586
1000118 0.44827586
1000124 0.10344828
1000126 0.13793103
1000128 0.1724138
1000129 0.20689656
1000131 0.03448276
1000134 0.2413793
1000137 0.20689656
1000140 0.20689656
1000143 0.10344828
1000149 0.3448276
1000150 0.41379312
1000153 0.37931034
1000157 0.06896552
1000163 0.20689656
1000166 0.1724138
1000169 0.1724138
1000172 0.06896552
1000178 0.03448276
1000180 0.03448276
1000144 0
1000158 0
1000173 0
