1000100 0.975
1000211 0
1000103 0
1000104 0.875
1000108 0.875
1000112 0.4
1000114 0.425
1000118 0.35
1000119 0.375
1000124 0.3
1000126 0.325
1000130 0.275
1000135 0.1
1000136 0.15
1000137 0.025
1000140 0.175
1000142 0.2
1000148 0.025
1000150 0.025
1000155 0.025
1000161 0.4
1000163 0.425
1000167 0.35
1000168 0.375
1000173 0.3
1000175 0.325
1000179 0.275
1000184 0.1
1000185 0.15
1000186 0.025
1000189 0.175
1000191 0.2
1000197 0.025
1000199 0.025
1000204 0.025
1000207 0.025
1000141 0
1000151 0
1000190 0
1000200 0
