1000100 0.9846154
1000272 0
1000104 0.7846154
1000107 0.7692308
1000111 0
1000117 0.015384615
1000124 0.046153847
1000128 0.7076923
1000130 0.75384617
1000135 0.6923077
1000136 0.6923077
1000137 0.6923077
1000145 0.015384615
1000148 0.6923077
1000150 0.6923077
1000155 0.6923077
1000160 0.6923077
1000164 0
1000166 0.015384615
1000171 0.015384615
1000177 0.03076923
1000179 0.015384615
1000183 0.03076923
1000186 0.6923077
1000187 0.6923077
1000189 0.6923077
1000193 0.015384615
1000198 0.6923077
1000200 0.6923077
1000202 0.6923077
1000204 0.015384615
1000207 0.6923077
1000208 0.015384615
1000210 0.6923077
1000212 0.6923077
1000217 0.6923077
1000218 0.6923077
1000221 0.6923077
1000227 0
1000230 0
1000232 0
1000234 0.03076923
1000238 0.015384615
1000241 0
1000243 0.015384615
1000246 0.015384615
1000250 0
1000253 0.015384615
1000259 0.046153847
1000262 0.03076923
1000264 0.046153847
1000269 0.015384615
1000140 0
1000161 0
1000167 0
1000169 0
1000172 0
1000173 0
1000175 0
1000176 0
1000180 0
1000182 0
1000190 0
1000191 0
1000203 0
