1000100 0.97619045
1000217 0
1000103 0
1000104 0.88095236
1000108 0.88095236
1000112 0.42857143
1000114 0.45238096
1000118 0.3809524
1000119 0.4047619
1000124 0.33333334
1000126 0.35714287
1000130 0.30952382
1000135 0.14285715
1000136 0.1904762
1000137 0
1000140 0.21428572
1000142 0.23809524
1000148 0.023809524
1000150 0.071428575
1000155 0.023809524
1000161 0.42857143
1000163 0.45238096
1000167 0.3809524
1000168 0.4047619
1000173 0.33333334
1000175 0.35714287
1000179 0.30952382
1000184 0.14285715
1000185 0.1904762
1000186 0
1000189 0.21428572
1000191 0.23809524
1000197 0.023809524
1000199 0.071428575
1000204 0.023809524
1000207 0.071428575
1000209 0.023809524
1000214 0.023809524
1000141 0
1000151 0
1000190 0
1000200 0
