1000100 0.9722222
1000203 0
1000103 0.3611111
1000105 0.3888889
1000108 0.8888889
1000114 0.5
1000118 0.44444445
1000119 0.4722222
1000125 0.3611111
1000127 0.3888889
1000131 0.027777778
1000134 0.6944444
1000138 0.027777778
1000145 0.083333336
1000147 0.11111111
1000149 0.1388889
1000150 0.16666667
1000152 0.027777778
1000155 0.19444445
1000158 0.16666667
1000161 0.16666667
1000164 0.083333336
1000170 0.2777778
1000171 0.33333334
1000174 0.30555555
1000178 0.055555556
1000184 0.16666667
1000187 0.1388889
1000190 0.1388889
1000193 0.055555556
1000199 0.027777778
1000201 0.027777778
1000148 0
1000165 0
1000179 0
1000194 0
