1000100 0.9722222
1000207 0
1000103 0.3611111
1000105 0.3888889
1000108 0
1000113 0.5
1000117 0.44444445
1000118 0.4722222
1000124 0.3611111
1000126 0.3888889
1000130 0.027777778
1000134 0.027777778
1000138 0
1000141 0.027777778
1000148 0.083333336
1000150 0.11111111
1000152 0.1388889
1000153 0.16666667
1000155 0.027777778
1000158 0.19444445
1000161 0.16666667
1000164 0.16666667
1000167 0.083333336
1000173 0.2777778
1000174 0.33333334
1000177 0.30555555
1000181 0.055555556
1000187 0.16666667
1000190 0.1388889
1000193 0.1388889
1000196 0.055555556
1000202 0.027777778
1000204 0.027777778
1000168 0
1000182 0
1000197 0
