1000100 0.9876543
1000322 0
1000103 0.16049382
1000105 0.17283951
1000108 0
1000113 0.012345679
1000119 0.061728396
1000123 0.037037037
1000130 0.7160494
1000131 0.7160494
1000132 0.7160494
1000140 0.012345679
1000143 0.7160494
1000145 0.7160494
1000150 0.7160494
1000155 0.7160494
1000159 0
1000161 0.012345679
1000166 0.012345679
1000173 0.012345679
1000177 0.024691358
1000180 0.7160494
1000181 0.7160494
1000183 0.7160494
1000187 0.012345679
1000193 0.7160494
1000194 0.7160494
1000200 0.7160494
1000202 0.7160494
1000207 0.7160494
1000212 0.7160494
1000214 0.7160494
1000217 0.7160494
1000222 0.7160494
1000223 0.7160494
1000226 0.7160494
1000231 0.16049382
1000233 0.7160494
1000235 0
1000237 0.049382716
1000241 0.012345679
1000244 0.024691358
1000248 0.012345679
1000251 0
1000253 0.012345679
1000255 0
1000257 0.012345679
1000264 0.037037037
1000266 0.049382716
1000268 0.061728396
1000269 0.074074075
1000271 0.012345679
1000274 0.086419754
1000277 0.074074075
1000280 0.074074075
1000283 0.037037037
1000289 0.12345679
1000290 0.14814815
1000293 0.13580246
1000297 0.024691358
1000303 0.074074075
1000306 0.061728396
1000309 0.061728396
1000312 0.024691358
1000318 0.012345679
1000320 0.012345679
1000135 0
1000156 0
1000162 0
1000164 0
1000167 0
1000168 0
1000170 0
1000171 0
1000174 0
1000176 0
1000184 0
1000185 0
1000284 0
1000298 0
1000313 0
