1000100 0.9736842
1000196 0
1000103 0.02631579
1000107 0.7894737
1000111 0.23684211
1000113 0.2631579
1000115 0.28947368
1000116 0.31578946
1000118 0
1000120 0.21052632
1000123 0.23684211
1000126 0.10526316
1000129 0
1000133 0.078947365
1000140 0.23684211
1000142 0.2631579
1000144 0.28947368
1000145 0.31578946
1000147 0
1000149 0.21052632
1000152 0.23684211
1000155 0.10526316
1000158 0
1000162 0.078947365
1000167 0.13157895
1000170 0.15789473
1000173 0.078947365
1000176 0
1000180 0.05263158
1000183 0.078947365
1000185 0.02631579
1000187 0.05263158
1000190 0
1000194 0.02631579
1000114 0
1000127 0
1000143 0
1000156 0
