1000100 0.9736842
1000189 0
1000103 0.02631579
1000107 0.81578946
1000109 0.28947368
1000111 0.31578946
1000113 0.34210527
1000114 0.36842105
1000116 0
1000118 0.2631579
1000121 0.28947368
1000124 0.10526316
1000127 0
1000133 0.28947368
1000135 0.31578946
1000137 0.34210527
1000138 0.36842105
1000140 0
1000142 0.2631579
1000145 0.28947368
1000148 0.10526316
1000151 0
1000157 0.21052632
1000160 0.23684211
1000163 0.15789473
1000166 0
1000170 0.078947365
1000173 0.10526316
1000174 0.13157895
1000176 0.02631579
1000178 0.05263158
1000181 0
1000185 0.02631579
1000187 0.02631579
1000112 0
1000125 0
1000136 0
1000149 0
