1000100 0.9677419
1000181 0
1000104 0.48387095
1000106 0.516129
1000108 0.5483871
1000109 0.58064514
1000111 0.032258064
1000113 0.4516129
1000117 0.6451613
1000119 0.3548387
1000122 0.38709676
1000125 0.29032257
1000128 0
1000134 0.3548387
1000137 0.38709676
1000140 0.29032257
1000143 0
1000148 0
1000151 0.19354838
1000153 0.2580645
1000156 0.19354838
1000159 0.16129032
1000162 0.16129032
1000165 0.032258064
1000172 0.032258064
1000175 0
1000179 0.032258064
1000126 0
1000141 0
1000166 0
1000169 0
