1000100 0.99122804
1000386 0
1000104 0.84210527
1000107 0.8333333
1000111 0.88596493
1000116 0.00877193
1000123 0.02631579
1000127 0.39473686
1000129 0.42105263
1000134 0.3859649
1000135 0.3859649
1000136 0.3859649
1000144 0.00877193
1000147 0.3859649
1000149 0.3859649
1000154 0.3859649
1000159 0.3859649
1000163 0
1000165 0.00877193
1000170 0.00877193
1000176 0.01754386
1000178 0.00877193
1000182 0.01754386
1000185 0.3859649
1000186 0.3859649
1000188 0.3859649
1000192 0.00877193
1000197 0.3859649
1000199 0.3859649
1000201 0.3859649
1000203 0
1000206 0.3859649
1000207 0.00877193
1000209 0.3859649
1000211 0.3859649
1000216 0.3859649
1000217 0.3859649
1000220 0.3859649
1000226 0
1000229 0
1000231 0
1000233 0.01754386
1000237 0.00877193
1000240 0
1000242 0.00877193
1000248 0.00877193
1000255 0.02631579
1000259 0.39473686
1000261 0.42105263
1000266 0.3859649
1000267 0.3859649
1000268 0.3859649
1000276 0.00877193
1000279 0.3859649
1000281 0.3859649
1000286 0.3859649
1000291 0.3859649
1000295 0
1000297 0.00877193
1000302 0.00877193
1000308 0.01754386
1000310 0.00877193
1000314 0.01754386
1000317 0.3859649
1000318 0.3859649
1000320 0.3859649
1000324 0.00877193
1000329 0.3859649
1000331 0.3859649
1000333 0.3859649
1000335 0
1000338 0.3859649
1000339 0.00877193
1000341 0.3859649
1000343 0.3859649
1000348 0.3859649
1000349 0.3859649
1000352 0.3859649
1000358 0
1000361 0
1000363 0
1000365 0.01754386
1000369 0.00877193
1000372 0
1000374 0.00877193
1000376 0.02631579
1000378 0.00877193
1000383 0.00877193
1000139 0
1000160 0
1000166 0
1000168 0
1000171 0
1000172 0
1000174 0
1000175 0
1000179 0
1000181 0
1000189 0
1000190 0
1000202 0
1000271 0
1000292 0
1000298 0
1000300 0
1000303 0
1000304 0
1000306 0
1000307 0
1000311 0
1000313 0
1000321 0
1000322 0
1000334 0
