1000100 0.9705882
1000195 0
1000104 0.029411765
1000109 0.029411765
1000113 0.029411765
1000118 0
1000124 0.1764706
1000126 0.20588236
1000128 0.23529412
1000129 0.2647059
1000131 0
1000133 0.14705883
1000136 0.1764706
1000139 0.11764706
1000142 0
1000146 0.05882353
1000148 0.0882353
1000151 0.029411765
1000157 0.4117647
1000163 0.32352942
1000165 0.3529412
1000166 0.38235295
1000170 0.14705883
1000172 0.1764706
1000174 0.20588236
1000175 0
1000178 0
1000180 0.11764706
1000183 0.14705883
1000184 0.029411765
1000187 0.029411765
1000189 0.029411765
1000190 0.0882353
1000193 0.029411765
