1000100 0.98275864
1000257 0
1000104 0.01724138
1000107 0.03448276
1000109 0.05172414
1000114 0.01724138
1000120 0.0862069
1000124 0.05172414
1000131 0.8103448
1000132 0.8103448
1000133 0.8103448
1000141 0.01724138
1000144 0.8103448
1000146 0.8103448
1000151 0.8103448
1000156 0.8103448
1000160 0
1000162 0.01724138
1000167 0.01724138
1000174 0.01724138
1000178 0.03448276
1000181 0.8103448
1000182 0.8103448
1000184 0.8103448
1000188 0.01724138
1000194 0.8103448
1000195 0.8103448
1000201 0.8103448
1000203 0.8103448
1000208 0.8103448
1000213 0.8103448
1000215 0.8103448
1000218 0.8103448
1000223 0.8103448
1000224 0.8103448
1000227 0.8103448
1000232 0.03448276
1000234 0.8103448
1000236 0
1000238 0.06896552
1000242 0.01724138
1000245 0.03448276
1000249 0.01724138
1000252 0
1000254 0.01724138
1000255 0.01724138
1000136 0
1000157 0
1000163 0
1000165 0
1000168 0
1000169 0
1000171 0
1000172 0
1000175 0
1000177 0
1000185 0
1000186 0
