1000100 0.98275864
1000242 0
1000104 0.8448276
1000107 0.82758623
1000113 0.01724138
1000120 0.05172414
1000124 0.7758621
1000126 0.8103448
1000131 0.7586207
1000132 0.7586207
1000133 0.7586207
1000141 0.01724138
1000144 0.7586207
1000146 0.7586207
1000151 0.7586207
1000156 0.7586207
1000160 0
1000162 0.01724138
1000167 0.01724138
1000173 0.03448276
1000175 0.01724138
1000179 0.03448276
1000182 0.7586207
1000183 0.7586207
1000185 0.7586207
1000189 0.01724138
1000194 0.7586207
1000196 0.7586207
1000198 0.7586207
1000200 0
1000203 0.7586207
1000204 0.01724138
1000206 0.7586207
1000208 0.7586207
1000213 0.7586207
1000214 0.7586207
1000217 0.7586207
1000223 0
1000226 0
1000228 0
1000230 0.03448276
1000234 0.01724138
1000237 0
1000239 0.01724138
1000240 0.01724138
1000136 0
1000157 0
1000163 0
1000165 0
1000168 0
1000169 0
1000171 0
1000172 0
1000176 0
1000178 0
1000186 0
1000187 0
1000199 0
