1000100 0.9807692
1000237 0
1000103 0
1000104 0.90384614
1000108 0.90384614
1000112 0.42307693
1000114 0.44230768
1000117 0.3846154
1000118 0.40384614
1000124 0.26923078
1000125 0.28846154
1000126 0.01923077
1000129 0.30769232
1000131 0.32692307
1000137 0.17307693
1000139 0.1923077
1000142 0.07692308
1000143 0.15384616
1000146 0.09615385
1000149 0.03846154
1000154 0.01923077
1000157 0.01923077
1000163 0.01923077
1000165 0.01923077
1000174 0.42307693
1000176 0.44230768
1000179 0.3846154
1000180 0.40384614
1000186 0.26923078
1000187 0.28846154
1000188 0.01923077
1000191 0.30769232
1000193 0.32692307
1000199 0.17307693
1000201 0.1923077
1000204 0.07692308
1000205 0.15384616
1000208 0.09615385
1000211 0.03846154
1000216 0.01923077
1000219 0.01923077
1000225 0.01923077
1000227 0.01923077
1000233 0.01923077
1000130 0
1000147 0
1000155 0
1000166 0
1000192 0
1000209 0
1000217 0
1000228 0
