1000100 0.98630136
1000295 0
1000104 0.02739726
1000106 0.04109589
1000111 0.01369863
1000117 0.04109589
1000124 0.56164384
1000125 0.56164384
1000126 0.56164384
1000134 0.01369863
1000137 0.56164384
1000139 0.56164384
1000144 0.56164384
1000149 0.56164384
1000153 0
1000155 0.01369863
1000160 0.01369863
1000166 0.02739726
1000168 0.01369863
1000172 0.02739726
1000175 0.56164384
1000176 0.56164384
1000178 0.56164384
1000182 0.01369863
1000187 0.56164384
1000189 0.56164384
1000192 0.56164384
1000197 0.56164384
1000198 0.56164384
1000201 0.56164384
1000206 0.02739726
1000208 0.56164384
1000210 0
1000212 0.02739726
1000216 0.01369863
1000219 0
1000221 0.01369863
1000222 0.01369863
1000229 0.1780822
1000237 0.04109589
1000239 0.05479452
1000241 0.06849315
1000242 0.08219178
1000244 0.01369863
1000247 0.09589041
1000250 0.08219178
1000253 0.08219178
1000256 0.04109589
1000262 0.1369863
1000263 0.16438356
1000266 0.15068494
1000270 0.02739726
1000276 0.08219178
1000279 0.06849315
1000282 0.06849315
1000285 0.02739726
1000291 0.01369863
1000293 0.01369863
1000129 0
1000150 0
1000156 0
1000158 0
1000161 0
1000162 0
1000164 0
1000165 0
1000169 0
1000171 0
1000179 0
1000180 0
1000257 0
1000271 0
1000286 0
