1000100 0.9722222
1000199 0
1000103 0.3611111
1000105 0.3888889
1000108 0.5277778
1000112 0.5
1000116 0.44444445
1000117 0.4722222
1000123 0.3611111
1000125 0.3888889
1000129 0.027777778
1000132 0.6944444
1000134 0.027777778
1000141 0.083333336
1000143 0.11111111
1000145 0.1388889
1000146 0.16666667
1000148 0.027777778
1000151 0.19444445
1000154 0.16666667
1000157 0.16666667
1000160 0.083333336
1000166 0.2777778
1000167 0.33333334
1000170 0.30555555
1000174 0.055555556
1000180 0.16666667
1000183 0.1388889
1000186 0.1388889
1000189 0.055555556
1000195 0.027777778
1000197 0.027777778
1000144 0
1000161 0
1000175 0
1000190 0
