1000100 0.9861111
1000269 0
1000103 0
1000104 0.8333333
1000110 0.013888889
1000117 0.041666668
1000121 0.8055556
1000123 0.8194444
1000128 0.7916667
1000129 0.7916667
1000130 0.7916667
1000138 0.013888889
1000141 0.7916667
1000143 0.7916667
1000148 0.7916667
1000153 0.7916667
1000157 0
1000159 0.013888889
1000164 0.013888889
1000170 0.027777778
1000172 0.013888889
1000176 0.027777778
1000179 0.7916667
1000180 0.7916667
1000182 0.7916667
1000186 0.013888889
1000191 0.7916667
1000193 0.7916667
1000195 0.7916667
1000197 0.013888889
1000200 0.7916667
1000201 0.013888889
1000203 0.7916667
1000205 0.7916667
1000210 0.7916667
1000211 0.7916667
1000214 0.7916667
1000219 0.7916667
1000222 0.013888889
1000224 0.027777778
1000226 0.013888889
1000229 0
1000231 0.7916667
1000235 0
1000237 0.013888889
1000241 0.013888889
1000243 0.7916667
1000247 0
1000249 0.013888889
1000253 0
1000255 0.027777778
1000259 0.013888889
1000262 0
1000264 0.013888889
1000266 0
1000267 0.013888889
1000133 0
1000154 0
1000160 0
1000162 0
1000165 0
1000166 0
1000168 0
1000169 0
1000173 0
1000175 0
1000183 0
1000184 0
1000196 0
1000220 0
1000238 0
1000250 0
