1000100 0.9929578
1000467 0
1000103 0.17605634
1000105 0.18309858
1000108 0.7816901
1000113 0.0070422534
1000119 0.02112676
1000126 0.45070422
1000127 0.45070422
1000128 0.45070422
1000136 0.0070422534
1000139 0.45070422
1000141 0.45070422
1000146 0.45070422
1000151 0.45070422
1000155 0
1000157 0.0070422534
1000162 0.0070422534
1000168 0.014084507
1000170 0.0070422534
1000174 0.014084507
1000177 0.45070422
1000178 0.45070422
1000180 0.45070422
1000184 0.0070422534
1000189 0.45070422
1000191 0.45070422
1000194 0.45070422
1000199 0.45070422
1000200 0.45070422
1000203 0.45070422
1000208 0.17605634
1000210 0.45070422
1000212 0
1000214 0.014084507
1000218 0.0070422534
1000221 0
1000223 0.0070422534
1000229 0.0070422534
1000235 0.02112676
1000242 0.45070422
1000243 0.45070422
1000244 0.45070422
1000252 0.0070422534
1000255 0.45070422
1000257 0.45070422
1000262 0.45070422
1000267 0.45070422
1000271 0
1000273 0.0070422534
1000278 0.0070422534
1000284 0.014084507
1000286 0.0070422534
1000290 0.014084507
1000293 0.45070422
1000294 0.45070422
1000296 0.45070422
1000300 0.0070422534
1000305 0.45070422
1000307 0.45070422
1000310 0.45070422
1000315 0.45070422
1000316 0.45070422
1000319 0.45070422
1000324 0.17605634
1000326 0.45070422
1000328 0
1000330 0.014084507
1000334 0.0070422534
1000337 0
1000339 0.0070422534
1000341 0.3309859
1000346 0.02112676
1000348 0.028169014
1000350 0.03521127
1000351 0.04225352
1000353 0.0070422534
1000356 0.049295776
1000359 0.04225352
1000362 0.04225352
1000365 0.02112676
1000371 0.07042254
1000372 0.08450704
1000375 0.07746479
1000379 0.014084507
1000385 0.04225352
1000388 0.03521127
1000391 0.03521127
1000394 0.014084507
1000400 0.0070422534
1000402 0.0070422534
1000409 0.02112676
1000411 0.028169014
1000413 0.03521127
1000414 0.04225352
1000416 0.0070422534
1000419 0.049295776
1000422 0.04225352
1000425 0.04225352
1000428 0.02112676
1000434 0.07042254
1000435 0.08450704
1000438 0.07746479
1000442 0.014084507
1000448 0.04225352
1000451 0.03521127
1000454 0.03521127
1000457 0.014084507
1000463 0.0070422534
1000465 0.0070422534
1000131 0
1000152 0
1000158 0
1000160 0
1000163 0
1000164 0
1000166 0
1000167 0
1000171 0
1000173 0
1000181 0
1000182 0
1000247 0
1000268 0
1000274 0
1000276 0
1000279 0
1000280 0
1000282 0
1000283 0
1000287 0
1000289 0
1000297 0
1000298 0
1000349 0
1000366 0
1000380 0
1000395 0
1000412 0
1000429 0
1000443 0
1000458 0
