1000100 0.98717946
1000312 0
1000103 0.16666667
1000105 0.17948718
1000110 0.012820513
1000116 0.06410257
1000120 0.03846154
1000127 0.74358976
1000128 0.74358976
1000129 0.74358976
1000137 0.012820513
1000140 0.74358976
1000142 0.74358976
1000147 0.74358976
1000152 0.74358976
1000156 0
1000158 0.012820513
1000163 0.012820513
1000170 0.012820513
1000174 0.025641026
1000177 0.74358976
1000178 0.74358976
1000180 0.74358976
1000184 0.012820513
1000190 0.74358976
1000191 0.74358976
1000197 0.74358976
1000199 0.74358976
1000204 0.74358976
1000209 0.74358976
1000211 0.74358976
1000214 0.74358976
1000219 0.74358976
1000220 0.74358976
1000223 0.74358976
1000228 0.16666667
1000230 0.74358976
1000232 0
1000234 0.051282052
1000238 0.012820513
1000241 0.025641026
1000245 0.012820513
1000248 0
1000250 0.012820513
1000254 0.03846154
1000256 0.051282052
1000258 0.06410257
1000259 0.07692308
1000261 0.012820513
1000264 0.08974359
1000267 0.07692308
1000270 0.07692308
1000273 0.03846154
1000279 0.12820514
1000280 0.15384616
1000283 0.14102565
1000287 0.025641026
1000293 0.07692308
1000296 0.06410257
1000299 0.06410257
1000302 0.025641026
1000308 0.012820513
1000310 0.012820513
1000132 0
1000153 0
1000159 0
1000161 0
1000164 0
1000165 0
1000167 0
1000168 0
1000171 0
1000173 0
1000181 0
1000182 0
1000274 0
1000288 0
1000303 0
