1000100 0.98630136
1000274 0
1000103 0
1000104 0.8356164
1000108 0.8767123
1000113 0.01369863
1000120 0.04109589
1000124 0.8082192
1000126 0.82191783
1000131 0.79452056
1000132 0.79452056
1000133 0.79452056
1000141 0.01369863
1000144 0.79452056
1000146 0.79452056
1000151 0.79452056
1000156 0.79452056
1000160 0
1000162 0.01369863
1000167 0.01369863
1000173 0.02739726
1000175 0.01369863
1000179 0.02739726
1000182 0.79452056
1000183 0.79452056
1000185 0.79452056
1000189 0.01369863
1000194 0.79452056
1000196 0.79452056
1000198 0.79452056
1000200 0.01369863
1000203 0.79452056
1000204 0.01369863
1000206 0.79452056
1000208 0.79452056
1000213 0.79452056
1000214 0.79452056
1000217 0.79452056
1000222 0.79452056
1000225 0.01369863
1000227 0.02739726
1000229 0.01369863
1000232 0
1000234 0.79452056
1000238 0
1000240 0.01369863
1000244 0.01369863
1000246 0.79452056
1000250 0
1000252 0.01369863
1000256 0
1000258 0.02739726
1000262 0.01369863
1000265 0
1000267 0.01369863
1000269 0.02739726
1000271 0.01369863
1000136 0
1000157 0
1000163 0
1000165 0
1000168 0
1000169 0
1000171 0
1000172 0
1000176 0
1000178 0
1000186 0
1000187 0
1000199 0
1000223 0
1000241 0
1000253 0
