1000100 0.9836066
1000258 0
1000104 0.8032787
1000107 0.78688526
1000111 0.86885244
1000118 0.016393442
1000125 0.04918033
1000129 0.73770493
1000131 0.7704918
1000136 0.72131145
1000137 0.72131145
1000138 0.72131145
1000146 0.016393442
1000149 0.72131145
1000151 0.72131145
1000156 0.72131145
1000161 0.72131145
1000165 0
1000167 0.016393442
1000172 0.016393442
1000178 0.032786883
1000180 0.016393442
1000184 0.032786883
1000187 0.72131145
1000188 0.72131145
1000190 0.72131145
1000194 0.016393442
1000199 0.72131145
1000201 0.72131145
1000203 0.72131145
1000205 0.016393442
1000208 0.72131145
1000209 0.016393442
1000211 0.72131145
1000213 0.72131145
1000218 0.72131145
1000219 0.72131145
1000222 0.72131145
1000228 0
1000231 0
1000233 0
1000235 0.032786883
1000239 0.016393442
1000242 0
1000244 0.016393442
1000246 0.04918033
1000250 0.016393442
1000254 0.016393442
1000141 0
1000162 0
1000168 0
1000170 0
1000173 0
1000174 0
1000176 0
1000177 0
1000181 0
1000183 0
1000191 0
1000192 0
1000204 0
