1000100 0.9848485
1000284 0
1000104 0.015151516
1000109 0.015151516
1000113 0.015151516
1000115 0.030303031
1000119 0.030303031
1000126 0.015151516
1000132 0.045454547
1000139 0.6212121
1000140 0.6212121
1000141 0.6212121
1000149 0.015151516
1000152 0.6212121
1000154 0.6212121
1000159 0.6212121
1000164 0.6212121
1000168 0
1000170 0.015151516
1000175 0.015151516
1000181 0.030303031
1000183 0.015151516
1000187 0.030303031
1000190 0.6212121
1000191 0.6212121
1000193 0.6212121
1000197 0.015151516
1000202 0.6212121
1000204 0.6212121
1000207 0.6212121
1000212 0.6212121
1000213 0.6212121
1000216 0.6212121
1000221 0.030303031
1000223 0.6212121
1000225 0
1000227 0.030303031
1000231 0.015151516
1000234 0
1000236 0.015151516
1000237 0.015151516
1000243 0.18181819
1000250 0.030303031
1000253 0.13636364
1000254 0.16666667
1000257 0.15151516
1000261 0.015151516
1000267 0.07575758
1000270 0.060606062
1000273 0.060606062
1000276 0.015151516
1000282 0.015151516
1000144 0
1000165 0
1000171 0
1000173 0
1000176 0
1000177 0
1000179 0
1000180 0
1000184 0
1000186 0
1000194 0
1000195 0
1000262 0
1000277 0
