1000100 0.987013
1000299 0
1000103 0
1000104 0.85714287
1000112 0.012987013
1000119 0.064935066
1000123 0.038961038
1000127 0.83116883
1000129 0.84415585
1000134 0.8181818
1000135 0.8181818
1000136 0.8181818
1000144 0.012987013
1000147 0.8181818
1000149 0.8181818
1000154 0.8181818
1000159 0.8181818
1000163 0
1000165 0.012987013
1000170 0.012987013
1000177 0.012987013
1000181 0.025974026
1000184 0.8181818
1000185 0.8181818
1000187 0.8181818
1000191 0.012987013
1000197 0.8181818
1000198 0.8181818
1000204 0.8181818
1000206 0.8181818
1000211 0.8181818
1000216 0.8181818
1000218 0.8181818
1000220 0.8181818
1000222 0.012987013
1000225 0.8181818
1000226 0.012987013
1000228 0.8181818
1000230 0.8181818
1000235 0.8181818
1000236 0.8181818
1000239 0.8181818
1000244 0.8181818
1000247 0.012987013
1000249 0.025974026
1000251 0.012987013
1000254 0
1000256 0.8181818
1000260 0
1000262 0.012987013
1000266 0.012987013
1000268 0.8181818
1000272 0
1000274 0.012987013
1000278 0
1000280 0.051948052
1000284 0.012987013
1000287 0.025974026
1000291 0.012987013
1000294 0
1000296 0.012987013
1000139 0
1000160 0
1000166 0
1000168 0
1000171 0
1000172 0
1000174 0
1000175 0
1000178 0
1000180 0
1000188 0
1000189 0
1000221 0
1000245 0
1000263 0
1000275 0
