1000100 0.9705882
1000197 0
1000103 0.029411765
1000105 0.05882353
1000108 0.7941176
1000110 0.6764706
1000115 0.6764706
1000119 0.7352941
1000124 0.05882353
1000127 0.2647059
1000128 0.32352942
1000131 0.29411766
1000135 0.029411765
1000141 0.14705883
1000144 0.11764706
1000147 0.11764706
1000150 0.029411765
1000156 0.029411765
1000163 0.05882353
1000166 0.2647059
1000167 0.32352942
1000170 0.29411766
1000174 0.029411765
1000180 0.14705883
1000183 0.11764706
1000186 0.11764706
1000189 0.029411765
1000195 0.029411765
1000112 0
1000117 0
1000136 0
1000151 0
1000175 0
1000190 0
