1000100 0.9714286
1000199 0
1000103 0.37142858
1000105 0.4
1000108 0
1000112 0.51428574
1000116 0.45714286
1000117 0.4857143
1000123 0.37142858
1000125 0.4
1000129 0.028571429
1000132 0
1000134 0.028571429
1000141 0.08571429
1000143 0.114285715
1000145 0.14285715
1000146 0.17142858
1000148 0.028571429
1000151 0.2
1000154 0.17142858
1000157 0.17142858
1000160 0.08571429
1000166 0.2857143
1000167 0.34285715
1000170 0.31428573
1000174 0.057142857
1000180 0.17142858
1000183 0.14285715
1000186 0.14285715
1000189 0.057142857
1000195 0.028571429
1000197 0.028571429
1000161 0
1000175 0
1000190 0
