1000100 0.9852941
1000292 0
1000103 0.1764706
1000105 0.19117647
1000112 0.014705882
1000118 0.073529415
1000122 0.04411765
1000129 0.8382353
1000130 0.8382353
1000131 0.8382353
1000139 0.014705882
1000142 0.8382353
1000144 0.8382353
1000149 0.8382353
1000154 0.8382353
1000158 0
1000160 0.014705882
1000165 0.014705882
1000172 0.014705882
1000176 0.029411765
1000179 0.8382353
1000180 0.8382353
1000182 0.8382353
1000186 0.014705882
1000192 0.8382353
1000193 0.8382353
1000199 0.8382353
1000201 0.8382353
1000206 0.8382353
1000211 0.8382353
1000213 0.8382353
1000216 0.8382353
1000221 0.8382353
1000222 0.8382353
1000225 0.8382353
1000230 0.1764706
1000232 0.8382353
1000234 0
1000236 0.05882353
1000240 0.014705882
1000243 0.029411765
1000247 0.014705882
1000250 0
1000252 0.014705882
1000258 0.029411765
1000261 0.13235295
1000262 0.16176471
1000265 0.14705883
1000269 0.014705882
1000275 0.073529415
1000278 0.05882353
1000281 0.05882353
1000284 0.014705882
1000290 0.014705882
1000134 0
1000155 0
1000161 0
1000163 0
1000166 0
1000167 0
1000169 0
1000170 0
1000173 0
1000175 0
1000183 0
1000184 0
1000270 0
1000285 0
