1000100 0.98734176
1000308 0
1000104 0
1000105 0.84810126
1000111 0.012658228
1000118 0.06329114
1000122 0.03797468
1000126 0.8227848
1000128 0.835443
1000133 0.8101266
1000134 0.8101266
1000135 0.8101266
1000143 0.012658228
1000146 0.8101266
1000148 0.8101266
1000153 0.8101266
1000158 0.8101266
1000162 0
1000164 0.012658228
1000169 0.012658228
1000176 0.012658228
1000180 0.025316456
1000183 0.8101266
1000184 0.8101266
1000186 0.8101266
1000190 0.012658228
1000196 0.8101266
1000197 0.8101266
1000203 0.8101266
1000205 0.8101266
1000210 0.8101266
1000215 0.8101266
1000217 0.8101266
1000219 0.8101266
1000221 0
1000224 0.8101266
1000225 0.012658228
1000227 0.8101266
1000229 0.8101266
1000234 0.8101266
1000235 0.8101266
1000238 0.8101266
1000243 0.8101266
1000246 0.012658228
1000248 0.025316456
1000250 0.012658228
1000253 0
1000255 0.8101266
1000259 0
1000261 0.012658228
1000265 0.012658228
1000267 0.8101266
1000271 0
1000273 0.012658228
1000277 0
1000279 0.050632913
1000283 0.012658228
1000286 0.025316456
1000290 0.012658228
1000293 0
1000295 0.012658228
1000296 0.012658228
1000303 0.012658228
1000138 0
1000159 0
1000165 0
1000167 0
1000170 0
1000171 0
1000173 0
1000174 0
1000177 0
1000179 0
1000187 0
1000188 0
1000220 0
1000244 0
1000262 0
1000274 0
