1000100 0.98734176
1000305 0
1000103 0
1000104 0.835443
1000108 0.89873415
1000115 0.012658228
1000122 0.06329114
1000126 0.03797468
1000130 0.8101266
1000132 0.8227848
1000137 0.79746836
1000138 0.79746836
1000139 0.79746836
1000147 0.012658228
1000150 0.79746836
1000152 0.79746836
1000157 0.79746836
1000162 0.79746836
1000166 0
1000168 0.012658228
1000173 0.012658228
1000180 0.012658228
1000184 0.025316456
1000187 0.79746836
1000188 0.79746836
1000190 0.79746836
1000194 0.012658228
1000200 0.79746836
1000201 0.79746836
1000207 0.79746836
1000209 0.79746836
1000214 0.79746836
1000219 0.79746836
1000221 0.79746836
1000223 0.79746836
1000225 0.012658228
1000228 0.79746836
1000229 0.012658228
1000231 0.79746836
1000233 0.79746836
1000238 0.79746836
1000239 0.79746836
1000242 0.79746836
1000247 0.79746836
1000250 0.012658228
1000252 0.025316456
1000254 0.012658228
1000257 0
1000259 0.79746836
1000263 0
1000265 0.012658228
1000269 0.012658228
1000271 0.79746836
1000275 0
1000277 0.012658228
1000281 0
1000283 0.050632913
1000287 0.012658228
1000290 0.025316456
1000294 0.012658228
1000297 0
1000299 0.012658228
1000301 0.012658228
1000142 0
1000163 0
1000169 0
1000171 0
1000174 0
1000175 0
1000177 0
1000178 0
1000181 0
1000183 0
1000191 0
1000192 0
1000224 0
1000248 0
1000266 0
1000278 0
