1000100 0.9864865
1000310 0
1000105 0.16216215
1000107 0.17567568
1000110 0.8648649
1000113 0.8513514
1000116 0.8513514
1000122 0.013513514
1000128 0.8513514
1000132 0.8513514
1000139 0.8513514
1000140 0.8513514
1000141 0.8513514
1000149 0.013513514
1000152 0.8513514
1000154 0.8513514
1000159 0.8513514
1000164 0.8513514
1000168 0
1000170 0.013513514
1000175 0.013513514
1000182 0.013513514
1000186 0.027027028
1000189 0.8513514
1000190 0.8513514
1000192 0.8513514
1000196 0.013513514
1000202 0.8513514
1000203 0.8513514
1000209 0.8513514
1000211 0.8513514
1000216 0.8513514
1000221 0.8513514
1000223 0.8513514
1000226 0.8513514
1000231 0.8513514
1000232 0.8513514
1000235 0.8513514
1000240 0.16216215
1000242 0.8513514
1000244 0
1000246 0.8513514
1000250 0.013513514
1000253 0.8513514
1000257 0.013513514
1000260 0
1000262 0.013513514
1000264 0.2027027
1000267 0.1891892
1000270 0.1891892
1000276 0.027027028
1000279 0.12162162
1000280 0.14864865
1000283 0.14864865
1000287 0.013513514
1000293 0.067567565
1000296 0.054054055
1000299 0.054054055
1000302 0.013513514
1000308 0.013513514
1000144 0
1000165 0
1000171 0
1000173 0
1000176 0
1000177 0
1000179 0
1000180 0
1000183 0
1000185 0
1000193 0
1000194 0
1000288 0
1000303 0
