1000100 0.972973
1000210 0
1000104 0.027027028
1000109 0.027027028
1000114 0.3783784
1000116 0.4054054
1000118 0.43243244
1000119 0.45945945
1000121 0
1000124 0.3243243
1000126 0.35135135
1000128 0.3783784
1000129 0.4054054
1000131 0
1000133 0.35135135
1000136 0.3783784
1000139 0.027027028
1000142 0
1000146 0.2972973
1000149 0.3243243
1000152 0.08108108
1000155 0
1000161 0
1000165 0.054054055
1000168 0.027027028
1000174 0.08108108
1000180 0.1891892
1000183 0.21621622
1000186 0.13513513
1000189 0
1000193 0.054054055
1000196 0.08108108
1000197 0.10810811
1000199 0.027027028
1000201 0.054054055
1000204 0
1000208 0.027027028
