1000100 0.972973
1000195 0
1000103 0.027027028
1000107 0.8108108
1000111 0.24324325
1000113 0.27027026
1000115 0.2972973
1000116 0.3243243
1000118 0.027027028
1000120 0.21621622
1000123 0.24324325
1000126 0.10810811
1000129 0
1000133 0.08108108
1000140 0.24324325
1000142 0.27027026
1000144 0.2972973
1000145 0.3243243
1000147 0.027027028
1000149 0.21621622
1000152 0.24324325
1000155 0.10810811
1000158 0
1000162 0.08108108
1000167 0.13513513
1000170 0.16216215
1000173 0.08108108
1000176 0
1000180 0.054054055
1000183 0.08108108
1000186 0.054054055
1000189 0
1000193 0.027027028
1000114 0
1000127 0
1000143 0
1000156 0
