1000100 0.9879518
1000317 0
1000105 0
1000106 0.8674699
1000110 0.8674699
1000113 0.85542166
1000116 0.85542166
1000122 0.012048192
1000129 0.85542166
1000133 0.85542166
1000137 0.85542166
1000139 0.85542166
1000144 0.85542166
1000145 0.85542166
1000146 0.85542166
1000154 0.012048192
1000157 0.85542166
1000159 0.85542166
1000164 0.85542166
1000169 0.85542166
1000173 0
1000175 0.012048192
1000180 0.012048192
1000187 0.012048192
1000191 0.024096385
1000194 0.85542166
1000195 0.85542166
1000197 0.85542166
1000201 0.012048192
1000207 0.85542166
1000208 0.85542166
1000214 0.85542166
1000216 0.85542166
1000221 0.85542166
1000226 0.85542166
1000228 0.85542166
1000230 0.85542166
1000232 0.012048192
1000235 0.85542166
1000236 0.012048192
1000238 0.85542166
1000240 0.85542166
1000245 0.85542166
1000246 0.85542166
1000249 0.85542166
1000254 0.85542166
1000257 0.012048192
1000259 0.024096385
1000261 0.012048192
1000264 0
1000266 0.85542166
1000270 0
1000272 0.012048192
1000276 0.012048192
1000278 0.85542166
1000282 0
1000284 0.012048192
1000288 0
1000290 0.85542166
1000294 0.012048192
1000297 0.85542166
1000301 0.012048192
1000304 0
1000306 0.012048192
1000308 0.036144577
1000311 0.024096385
1000314 0.024096385
1000149 0
1000170 0
1000176 0
1000178 0
1000181 0
1000182 0
1000184 0
1000185 0
1000188 0
1000190 0
1000198 0
1000199 0
1000231 0
1000255 0
1000273 0
1000285 0
