1000100 0.9846154
1000276 0
1000103 0.18461539
1000105 0.2
1000108 0
1000114 0.015384615
1000120 0.046153847
1000127 0.8
1000128 0.8
1000129 0.8
1000137 0.015384615
1000140 0.8
1000142 0.8
1000147 0.8
1000152 0.8
1000156 0
1000158 0.015384615
1000163 0.015384615
1000169 0.03076923
1000171 0.015384615
1000175 0.03076923
1000178 0.8
1000179 0.8
1000181 0.8
1000185 0.015384615
1000190 0.8
1000192 0.8
1000195 0.8
1000200 0.8
1000201 0.8
1000204 0.8
1000209 0.18461539
1000211 0.8
1000213 0
1000215 0.03076923
1000219 0.015384615
1000222 0
1000224 0.015384615
1000227 0.015384615
1000231 0
1000234 0.015384615
1000241 0.03076923
1000244 0.13846155
1000245 0.16923077
1000248 0.15384616
1000252 0.015384615
1000258 0.07692308
1000261 0.06153846
1000264 0.06153846
1000267 0.015384615
1000273 0.015384615
1000132 0
1000153 0
1000159 0
1000161 0
1000164 0
1000165 0
1000167 0
1000168 0
1000172 0
1000174 0
1000182 0
1000183 0
1000253 0
1000268 0
