1000100 0.9677419
1000178 0
1000103 0.032258064
1000108 0.6451613
1000110 0.67741936
1000112 0.7096774
1000113 0.7419355
1000115 0
1000117 0.61290324
1000120 0.6451613
1000123 0.58064514
1000126 0
1000130 0.516129
1000132 0.5483871
1000137 0.48387095
1000141 0.4516129
1000146 0.3548387
1000148 0.38709676
1000149 0.41935483
1000153 0.16129032
1000155 0.19354838
1000157 0.22580644
1000158 0
1000161 0
1000163 0.12903225
1000166 0.16129032
1000167 0.032258064
1000170 0.032258064
1000172 0.032258064
1000173 0.09677419
1000176 0.032258064
