1000100 0.9836066
1000262 0
1000103 0.19672132
1000105 0.21311475
1000112 0.016393442
1000118 0.04918033
1000125 0.8360656
1000126 0.8360656
1000127 0.8360656
1000135 0.016393442
1000138 0.8360656
1000140 0.8360656
1000145 0.8360656
1000150 0.8360656
1000154 0
1000156 0.016393442
1000161 0.016393442
1000167 0.032786883
1000169 0.016393442
1000173 0.032786883
1000176 0.8360656
1000177 0.8360656
1000179 0.8360656
1000183 0.016393442
1000188 0.8360656
1000190 0.8360656
1000193 0.8360656
1000198 0.8360656
1000199 0.8360656
1000202 0.8360656
1000207 0.19672132
1000209 0.8360656
1000211 0
1000213 0.032786883
1000217 0.016393442
1000220 0
1000222 0.016393442
1000228 0.032786883
1000231 0.14754099
1000232 0.18032786
1000235 0.16393442
1000239 0.016393442
1000245 0.08196721
1000248 0.06557377
1000251 0.06557377
1000254 0.016393442
1000260 0.016393442
1000130 0
1000151 0
1000157 0
1000159 0
1000162 0
1000163 0
1000165 0
1000166 0
1000170 0
1000172 0
1000180 0
1000181 0
1000240 0
1000255 0
