1000100 0.9756098
1000186 0
1000103 0.024390243
1000107 0.75609756
1000109 0.6097561
1000111 0.63414633
1000116 0.6097561
1000118 0.63414633
1000122 0.75609756
1000126 0.24390244
1000128 0.2682927
1000129 0.29268292
1000133 0.12195122
1000135 0.14634146
1000137 0.17073171
1000138 0
1000142 0.09756097
1000145 0.024390243
1000148 0.024390243
1000149 0.07317073
1000152 0.024390243
1000158 0.24390244
1000160 0.2682927
1000161 0.29268292
1000165 0.12195122
1000167 0.14634146
1000169 0.17073171
1000170 0
1000174 0.09756097
1000177 0.024390243
1000180 0.024390243
1000181 0.07317073
1000184 0.024390243
1000112 0
1000119 0
1000130 0
1000136 0
1000150 0
1000162 0
1000168 0
1000182 0
