1000100 0.9677419
1000189 0
1000103 0.41935483
1000105 0.4516129
1000108 0
1000111 0.41935483
1000116 0.032258064
1000120 0
1000126 0.09677419
1000128 0.12903225
1000130 0.16129032
1000131 0.19354838
1000133 0.032258064
1000136 0.22580644
1000139 0.19354838
1000142 0.19354838
1000145 0.09677419
1000151 0.32258064
1000152 0.38709676
1000155 0.3548387
1000159 0.06451613
1000165 0.19354838
1000168 0.16129032
1000171 0.16129032
1000174 0.06451613
1000180 0.032258064
1000182 0.032258064
1000186 0.032258064
1000146 0
1000160 0
1000175 0
