1000100 0.9677419
1000181 0
1000103 0
1000104 0.7741935
1000108 0.7741935
1000114 0.7096774
1000116 0.7419355
1000119 0.6451613
1000120 0.67741936
1000126 0.4516129
1000127 0.48387095
1000128 0.032258064
1000131 0.516129
1000133 0.5483871
1000139 0.29032257
1000141 0.32258064
1000144 0.12903225
1000145 0.2580645
1000148 0.16129032
1000151 0.06451613
1000156 0.032258064
1000159 0.032258064
1000165 0.032258064
1000167 0.032258064
1000173 0.06451613
1000178 0
1000179 0.032258064
1000132 0
1000149 0
1000157 0
1000168 0
