1000100 0.9705882
1000197 0
1000103 0.38235295
1000105 0.4117647
1000108 0
1000112 0.5294118
1000116 0.47058824
1000117 0.5
1000123 0.38235295
1000125 0.4117647
1000129 0.029411765
1000133 0
1000138 0.0882353
1000140 0.11764706
1000142 0.14705883
1000143 0.1764706
1000145 0.029411765
1000148 0.20588236
1000151 0.1764706
1000154 0.1764706
1000157 0.0882353
1000163 0.29411766
1000164 0.3529412
1000167 0.32352942
1000171 0.05882353
1000177 0.1764706
1000180 0.14705883
1000183 0.14705883
1000186 0.05882353
1000192 0.029411765
1000194 0.029411765
1000158 0
1000172 0
1000187 0
