1000100 0.972973
1000215 0
1000104 0.027027028
1000109 0.027027028
1000113 0.027027028
1000115 0.054054055
1000119 0.054054055
1000125 0.1891892
1000129 0.13513513
1000130 0.16216215
1000136 0.054054055
1000138 0.08108108
1000142 0.027027028
1000144 0.027027028
1000150 0.35135135
1000157 0.08108108
1000159 0.10810811
1000161 0.13513513
1000162 0.16216215
1000164 0.027027028
1000167 0.1891892
1000170 0.16216215
1000173 0.16216215
1000176 0.08108108
1000182 0.27027026
1000183 0.3243243
1000186 0.2972973
1000190 0.054054055
1000196 0.16216215
1000199 0.13513513
1000202 0.13513513
1000205 0.054054055
1000211 0.027027028
1000213 0.027027028
1000177 0
1000191 0
1000206 0
