1000100 0.969697
1000189 0
1000103 0
1000104 0.72727275
1000108 0
1000113 0.6666667
1000115 0.6969697
1000118 0.6060606
1000119 0.6363636
1000125 0.42424244
1000126 0.45454547
1000127 0.030303031
1000130 0.4848485
1000132 0.5151515
1000138 0.27272728
1000140 0.3030303
1000143 0.121212125
1000144 0.24242425
1000147 0.15151516
1000150 0.060606062
1000155 0.030303031
1000158 0.030303031
1000164 0.030303031
1000166 0.030303031
1000173 0.030303031
1000177 0
1000181 0
1000182 0.030303031
1000186 0.030303031
1000131 0
1000148 0
1000156 0
1000167 0
