1000100 0.984127
1000266 0
1000103 0.1904762
1000105 0.20634921
1000108 0
1000113 0.015873017
1000119 0.04761905
1000126 0.82539684
1000127 0.82539684
1000128 0.82539684
1000136 0.015873017
1000139 0.82539684
1000141 0.82539684
1000146 0.82539684
1000151 0.82539684
1000155 0
1000157 0.015873017
1000162 0.015873017
1000168 0.031746034
1000170 0.015873017
1000174 0.031746034
1000177 0.82539684
1000178 0.82539684
1000180 0.82539684
1000184 0.015873017
1000189 0.82539684
1000191 0.82539684
1000194 0.82539684
1000199 0.82539684
1000200 0.82539684
1000203 0.82539684
1000208 0.1904762
1000210 0.82539684
1000212 0
1000214 0.031746034
1000218 0.015873017
1000221 0
1000223 0.015873017
1000226 0
1000231 0.031746034
1000234 0.14285715
1000235 0.17460318
1000238 0.15873016
1000242 0.015873017
1000248 0.07936508
1000251 0.06349207
1000254 0.06349207
1000257 0.015873017
1000263 0.015873017
1000131 0
1000152 0
1000158 0
1000160 0
1000163 0
1000164 0
1000166 0
1000167 0
1000171 0
1000173 0
1000181 0
1000182 0
1000243 0
1000258 0
