1000100 0.9878049
1000330 0
1000103 0.15853658
1000105 0.17073171
1000108 0
1000114 0.0121951215
1000120 0.06097561
1000124 0.036585364
1000131 0.7195122
1000132 0.7195122
1000133 0.7195122
1000141 0.0121951215
1000144 0.7195122
1000146 0.7195122
1000151 0.7195122
1000156 0.7195122
1000160 0
1000162 0.0121951215
1000167 0.0121951215
1000174 0.0121951215
1000178 0.024390243
1000181 0.7195122
1000182 0.7195122
1000184 0.7195122
1000188 0.0121951215
1000194 0.7195122
1000195 0.7195122
1000201 0.7195122
1000203 0.7195122
1000208 0.7195122
1000213 0.7195122
1000215 0.7195122
1000218 0.7195122
1000223 0.7195122
1000224 0.7195122
1000227 0.7195122
1000232 0.15853658
1000234 0.7195122
1000236 0
1000238 0.048780486
1000242 0.0121951215
1000245 0.024390243
1000249 0.0121951215
1000252 0
1000254 0.0121951215
1000257 0.0121951215
1000261 0
1000264 0.0121951215
1000271 0.036585364
1000273 0.048780486
1000275 0.06097561
1000276 0.07317073
1000278 0.0121951215
1000281 0.085365854
1000284 0.07317073
1000287 0.07317073
1000290 0.036585364
1000296 0.12195122
1000297 0.14634146
1000300 0.13414635
1000304 0.024390243
1000310 0.07317073
1000313 0.06097561
1000316 0.06097561
1000319 0.024390243
1000325 0.0121951215
1000327 0.0121951215
1000136 0
1000157 0
1000163 0
1000165 0
1000168 0
1000169 0
1000171 0
1000172 0
1000175 0
1000177 0
1000185 0
1000186 0
1000291 0
1000305 0
1000320 0
