1000100 0.9705882
1000185 0
1000103 0.029411765
1000107 0.85294116
1000111 0.23529412
1000113 0.2647059
1000115 0.29411766
1000116 0.32352942
1000118 0.029411765
1000120 0.20588236
1000123 0.23529412
1000126 0.11764706
1000129 0
1000133 0.0882353
1000140 0.23529412
1000142 0.2647059
1000144 0.29411766
1000145 0.32352942
1000147 0.029411765
1000149 0.20588236
1000152 0.23529412
1000155 0.11764706
1000158 0
1000162 0.0882353
1000167 0.11764706
1000170 0.14705883
1000173 0.0882353
1000176 0
1000180 0.05882353
1000183 0.029411765
1000114 0
1000127 0
1000143 0
1000156 0
