1000100 0.9866667
1000279 0
1000103 0
1000104 0.8
1000108 0.84
1000113 0.013333334
1000120 0.04
1000124 0.7733333
1000126 0.7866667
1000131 0.76
1000132 0.76
1000133 0.76
1000141 0.013333334
1000144 0.76
1000146 0.76
1000151 0.76
1000156 0.76
1000160 0
1000162 0.013333334
1000167 0.013333334
1000173 0.026666667
1000175 0.013333334
1000179 0.026666667
1000182 0.76
1000183 0.76
1000185 0.76
1000189 0.013333334
1000194 0.76
1000196 0.76
1000198 0.76
1000200 0.013333334
1000203 0.76
1000204 0.013333334
1000206 0.76
1000208 0.76
1000213 0.76
1000214 0.76
1000217 0.76
1000222 0.76
1000225 0.013333334
1000227 0.026666667
1000229 0.013333334
1000232 0
1000234 0.76
1000238 0
1000240 0.013333334
1000244 0.013333334
1000246 0.76
1000250 0
1000252 0.013333334
1000256 0
1000258 0.026666667
1000262 0.013333334
1000265 0
1000267 0.013333334
1000269 0.04
1000271 0.013333334
1000276 0
1000277 0.013333334
1000136 0
1000157 0
1000163 0
1000165 0
1000168 0
1000169 0
1000171 0
1000172 0
1000176 0
1000178 0
1000186 0
1000187 0
1000199 0
1000223 0
1000241 0
1000253 0
