1000100 0.9879518
1000338 0
1000104 0.012048192
1000109 0.012048192
1000113 0.012048192
1000115 0.024096385
1000119 0.024096385
1000126 0.012048192
1000132 0.060240965
1000136 0.036144577
1000143 0.56626505
1000144 0.56626505
1000145 0.56626505
1000153 0.012048192
1000156 0.56626505
1000158 0.56626505
1000163 0.56626505
1000168 0.56626505
1000172 0
1000174 0.012048192
1000179 0.012048192
1000186 0.012048192
1000190 0.024096385
1000193 0.56626505
1000194 0.56626505
1000196 0.56626505
1000200 0.012048192
1000206 0.56626505
1000207 0.56626505
1000213 0.56626505
1000215 0.56626505
1000220 0.56626505
1000225 0.56626505
1000227 0.56626505
1000230 0.56626505
1000235 0.56626505
1000236 0.56626505
1000239 0.56626505
1000244 0.024096385
1000246 0.56626505
1000248 0
1000250 0.04819277
1000254 0.012048192
1000257 0.024096385
1000261 0.012048192
1000264 0
1000266 0.012048192
1000267 0.012048192
1000273 0.15662651
1000280 0.036144577
1000282 0.04819277
1000284 0.060240965
1000285 0.072289154
1000287 0.012048192
1000290 0.084337346
1000293 0.072289154
1000296 0.072289154
1000299 0.036144577
1000305 0.12048193
1000306 0.14457831
1000309 0.13253012
1000313 0.024096385
1000319 0.072289154
1000322 0.060240965
1000325 0.060240965
1000328 0.024096385
1000334 0.012048192
1000336 0.012048192
1000148 0
1000169 0
1000175 0
1000177 0
1000180 0
1000181 0
1000183 0
1000184 0
1000187 0
1000189 0
1000197 0
1000198 0
1000300 0
1000314 0
1000329 0
