1000100 0.975
1000220 0
1000104 0.8
1000107 0.775
1000111 0.775
1000115 0.4
1000117 0.425
1000120 0.35
1000121 0.375
1000127 0.2
1000128 0.225
1000129 0
1000132 0.25
1000134 0.275
1000140 0.025
1000142 0.15
1000147 0.025
1000153 0.4
1000155 0.425
1000158 0.35
1000159 0.375
1000165 0.2
1000166 0.225
1000167 0
1000170 0.25
1000172 0.275
1000178 0.025
1000180 0.15
1000185 0.025
1000188 0.225
1000192 0.075
1000195 0.05
1000197 0.075
1000202 0.025
1000208 0.075
1000211 0.05
1000213 0.075
1000218 0.025
1000133 0
1000171 0
