1000100 0.9875
1000321 0
1000103 0.1875
1000105 0.2
1000110 0.0125
1000116 0.0625
1000120 0.0375
1000127 0.75
1000128 0.75
1000129 0.75
1000137 0.0125
1000140 0.75
1000142 0.75
1000147 0.75
1000152 0.75
1000156 0
1000158 0.0125
1000163 0.0125
1000170 0.0125
1000174 0.025
1000177 0.75
1000178 0.75
1000180 0.75
1000184 0.0125
1000190 0.75
1000191 0.75
1000197 0.75
1000199 0.75
1000204 0.75
1000209 0.75
1000211 0.75
1000214 0.75
1000219 0.75
1000220 0.75
1000223 0.75
1000228 0.1875
1000230 0.75
1000232 0
1000234 0.05
1000238 0.0125
1000241 0.025
1000245 0.0125
1000248 0
1000250 0.0125
1000253 0.175
1000257 0.1625
1000263 0.0375
1000265 0.05
1000267 0.0625
1000268 0.075
1000270 0.0125
1000273 0.0875
1000276 0.075
1000279 0.075
1000282 0.0375
1000288 0.125
1000289 0.15
1000292 0.1375
1000296 0.025
1000302 0.075
1000305 0.0625
1000308 0.0625
1000311 0.025
1000317 0.0125
1000319 0.0125
1000132 0
1000153 0
1000159 0
1000161 0
1000164 0
1000165 0
1000167 0
1000168 0
1000171 0
1000173 0
1000181 0
1000182 0
1000283 0
1000297 0
1000312 0
