1000100 0.984127
1000271 0
1000104 0.031746034
1000106 0.04761905
1000111 0.015873017
1000117 0.04761905
1000124 0.6507937
1000125 0.6507937
1000126 0.6507937
1000134 0.015873017
1000137 0.6507937
1000139 0.6507937
1000144 0.6507937
1000149 0.6507937
1000153 0
1000155 0.015873017
1000160 0.015873017
1000166 0.031746034
1000168 0.015873017
1000172 0.031746034
1000175 0.6507937
1000176 0.6507937
1000178 0.6507937
1000182 0.015873017
1000187 0.6507937
1000189 0.6507937
1000192 0.6507937
1000197 0.6507937
1000198 0.6507937
1000201 0.6507937
1000206 0.031746034
1000208 0.6507937
1000210 0
1000212 0.031746034
1000216 0.015873017
1000219 0
1000221 0.015873017
1000222 0.015873017
1000229 0.1904762
1000237 0.031746034
1000240 0.14285715
1000241 0.17460318
1000244 0.15873016
1000248 0.015873017
1000254 0.07936508
1000257 0.06349207
1000260 0.06349207
1000263 0.015873017
1000269 0.015873017
1000129 0
1000150 0
1000156 0
1000158 0
1000161 0
1000162 0
1000164 0
1000165 0
1000169 0
1000171 0
1000179 0
1000180 0
1000249 0
1000264 0
