1000100 0.9866667
1000292 0
1000103 0.17333333
1000105 0.18666667
1000108 0.74666667
1000113 0.013333334
1000119 0.04
1000126 0.6933333
1000127 0.6933333
1000128 0.6933333
1000136 0.013333334
1000139 0.6933333
1000141 0.6933333
1000146 0.6933333
1000151 0.6933333
1000155 0
1000157 0.013333334
1000162 0.013333334
1000168 0.026666667
1000170 0.013333334
1000174 0.026666667
1000177 0.6933333
1000178 0.6933333
1000180 0.6933333
1000184 0.013333334
1000189 0.6933333
1000191 0.6933333
1000194 0.6933333
1000199 0.6933333
1000200 0.6933333
1000203 0.6933333
1000208 0.17333333
1000210 0.6933333
1000212 0
1000214 0.026666667
1000218 0.013333334
1000221 0
1000223 0.013333334
1000225 0.33333334
1000227 0.013333334
1000234 0.04
1000236 0.053333335
1000238 0.06666667
1000239 0.08
1000241 0.013333334
1000244 0.093333334
1000247 0.08
1000250 0.08
1000253 0.04
1000259 0.13333334
1000260 0.16
1000263 0.14666666
1000267 0.026666667
1000273 0.08
1000276 0.06666667
1000279 0.06666667
1000282 0.026666667
1000288 0.013333334
1000290 0.013333334
1000131 0
1000152 0
1000158 0
1000160 0
1000163 0
1000164 0
1000166 0
1000167 0
1000171 0
1000173 0
1000181 0
1000182 0
1000237 0
1000254 0
1000268 0
1000283 0
