1000100 0.9677419
1000201 0
1000104 0.032258064
1000109 0.032258064
1000113 0.032258064
1000118 0
1000124 0.32258064
1000126 0.3548387
1000128 0.38709676
1000129 0.41935483
1000131 0.032258064
1000133 0.29032257
1000136 0.32258064
1000139 0.09677419
1000142 0
1000146 0.06451613
1000149 0.032258064
1000155 0.06451613
1000162 0.16129032
1000165 0.19354838
1000168 0.032258064
1000171 0
1000176 0.22580644
1000179 0.19354838
1000182 0.19354838
1000185 0.06451613
1000192 0.06451613
1000195 0
1000199 0.032258064
1000186 0
1000189 0
