1000100 0.9655172
1000180 0
1000103 0.03448276
1000105 0.06896552
1000107 0.51724136
1000112 0.4827586
1000116 0.44827586
1000122 0.10344828
1000124 0.13793103
1000126 0.1724138
1000127 0.20689656
1000129 0.03448276
1000132 0.2413793
1000135 0.20689656
1000138 0.20689656
1000141 0.10344828
1000147 0.3448276
1000148 0.41379312
1000151 0.37931034
1000155 0.06896552
1000161 0.20689656
1000164 0.1724138
1000167 0.1724138
1000170 0.06896552
1000176 0.03448276
1000178 0.03448276
1000142 0
1000156 0
1000171 0
