1000100 0.9864865
1000292 0
1000103 0.17567568
1000105 0.1891892
1000108 0.9189189
1000115 0.013513514
1000121 0.04054054
1000128 0.7027027
1000129 0.7027027
1000130 0.7027027
1000138 0.013513514
1000141 0.7027027
1000143 0.7027027
1000148 0.7027027
1000153 0.7027027
1000157 0
1000159 0.013513514
1000164 0.013513514
1000170 0.027027028
1000172 0.013513514
1000176 0.027027028
1000179 0.7027027
1000180 0.7027027
1000182 0.7027027
1000186 0.013513514
1000191 0.7027027
1000193 0.7027027
1000196 0.7027027
1000201 0.7027027
1000202 0.7027027
1000205 0.7027027
1000210 0.17567568
1000212 0.7027027
1000214 0
1000216 0.027027028
1000220 0.013513514
1000223 0
1000225 0.013513514
1000227 0.3243243
1000234 0.04054054
1000236 0.054054055
1000238 0.067567565
1000239 0.08108108
1000241 0.013513514
1000244 0.0945946
1000247 0.08108108
1000250 0.08108108
1000253 0.04054054
1000259 0.13513513
1000260 0.16216215
1000263 0.14864865
1000267 0.027027028
1000273 0.08108108
1000276 0.067567565
1000279 0.067567565
1000282 0.027027028
1000288 0.013513514
1000290 0.013513514
1000133 0
1000154 0
1000160 0
1000162 0
1000165 0
1000166 0
1000168 0
1000169 0
1000173 0
1000175 0
1000183 0
1000184 0
1000237 0
1000254 0
1000268 0
1000283 0
