1000100 0.9846154
1000277 0
1000104 0.84615386
1000107 0.83076924
1000115 0.015384615
1000122 0.07692308
1000126 0.046153847
1000130 0.7846154
1000132 0.8153846
1000137 0.7692308
1000138 0.7692308
1000139 0.7692308
1000147 0.015384615
1000150 0.7692308
1000152 0.7692308
1000157 0.7692308
1000162 0.7692308
1000166 0
1000168 0.015384615
1000173 0.015384615
1000180 0.015384615
1000184 0.03076923
1000187 0.7692308
1000188 0.7692308
1000190 0.7692308
1000194 0.015384615
1000200 0.7692308
1000201 0.7692308
1000207 0.7692308
1000209 0.7692308
1000214 0.7692308
1000219 0.7692308
1000221 0.7692308
1000223 0.7692308
1000225 0
1000228 0.7692308
1000229 0.015384615
1000231 0.7692308
1000233 0.7692308
1000238 0.7692308
1000239 0.7692308
1000242 0.7692308
1000248 0
1000251 0
1000253 0
1000255 0.06153846
1000259 0.015384615
1000262 0.03076923
1000266 0.015384615
1000269 0
1000271 0.015384615
1000274 0.015384615
1000142 0
1000163 0
1000169 0
1000171 0
1000174 0
1000175 0
1000177 0
1000178 0
1000181 0
1000183 0
1000191 0
1000192 0
1000224 0
