1000100 0.984375
1000264 0
1000104 0.78125
1000107 0.765625
1000111 0
1000116 0.015625
1000123 0.046875
1000127 0.703125
1000129 0.75
1000134 0.6875
1000135 0.6875
1000136 0.6875
1000144 0.015625
1000147 0.6875
1000149 0.6875
1000154 0.6875
1000159 0.6875
1000163 0
1000165 0.015625
1000170 0.015625
1000176 0.03125
1000178 0.015625
1000182 0.03125
1000185 0.6875
1000186 0.6875
1000188 0.6875
1000192 0.015625
1000197 0.6875
1000199 0.6875
1000201 0.6875
1000203 0.015625
1000206 0.6875
1000207 0.015625
1000209 0.6875
1000211 0.6875
1000216 0.6875
1000217 0.6875
1000220 0.6875
1000226 0
1000229 0
1000231 0
1000233 0.03125
1000237 0.015625
1000240 0
1000242 0.015625
1000244 0
1000246 0.015625
1000252 0.046875
1000255 0.03125
1000257 0.046875
1000262 0.015625
1000139 0
1000160 0
1000166 0
1000168 0
1000171 0
1000172 0
1000174 0
1000175 0
1000179 0
1000181 0
1000189 0
1000190 0
1000202 0
