1000100 0.972973
1000175 0
1000103 0.3783784
1000107 0.7567568
1000111 0.4864865
1000113 0.5135135
1000115 0.5405405
1000116 0.5675676
1000118 0.027027028
1000120 0.45945945
1000123 0.4864865
1000126 0.43243244
1000129 0
1000133 0.3783784
1000135 0.4054054
1000139 0.5135135
1000143 0.2972973
1000145 0.3243243
1000146 0.35135135
1000150 0.13513513
1000152 0.16216215
1000154 0.1891892
1000155 0
1000158 0
1000160 0.10810811
1000163 0.13513513
1000164 0.027027028
1000167 0.027027028
1000169 0.027027028
1000170 0.08108108
1000173 0.027027028
1000114 0
1000127 0
1000136 0
1000147 0
1000153 0
1000171 0
