1000100 0.9655172
1000188 0
1000106 0.6551724
1000109 0.62068963
1000113 0.6896552
1000116 0.6551724
1000119 0.6551724
1000124 0.4827586
1000126 0.5862069
1000130 0.41379312
1000131 0.44827586
1000136 0.3448276
1000138 0.37931034
1000142 0.31034482
1000147 0.31034482
1000148 0.31034482
1000149 0.03448276
1000152 0.31034482
1000154 0.31034482
1000160 0.03448276
1000162 0.03448276
1000165 0.2413793
1000168 0.20689656
1000171 0.20689656
1000176 0.10344828
1000179 0.06896552
1000181 0.10344828
1000186 0.03448276
1000153 0
