1000100 0.969697
1000203 0
1000104 0.030303031
1000109 0.030303031
1000113 0.030303031
1000118 0
1000122 0.4848485
1000124 0.5151515
1000126 0.54545456
1000127 0.57575756
1000129 0.030303031
1000131 0.45454547
1000134 0.4848485
1000137 0.09090909
1000140 0
1000144 0.030303031
1000150 0.121212125
1000158 0.33333334
1000161 0.36363637
1000164 0.27272728
1000167 0
1000171 0.21212122
1000173 0.24242425
1000176 0.21212122
1000179 0.18181819
1000182 0.18181819
1000185 0.060606062
1000192 0.060606062
1000195 0
1000199 0.030303031
1000201 0.030303031
1000186 0
1000189 0
