1000100 0.9655172
1000186 0
1000104 0.06896552
1000106 0.10344828
1000108 0.03448276
1000113 0.03448276
1000120 0.44827586
1000128 0.10344828
1000130 0.13793103
1000132 0.1724138
1000133 0.20689656
1000135 0.03448276
1000138 0.2413793
1000141 0.20689656
1000144 0.20689656
1000147 0.10344828
1000153 0.3448276
1000154 0.41379312
1000157 0.37931034
1000161 0.06896552
1000167 0.20689656
1000170 0.1724138
1000173 0.1724138
1000176 0.06896552
1000182 0.03448276
1000184 0.03448276
1000148 0
1000162 0
1000177 0
