1000100 0.98571426
1000293 0
1000104 0.82857144
1000107 0.8142857
1000113 0.014285714
1000120 0.071428575
1000124 0.042857144
1000128 0.7285714
1000130 0.8
1000135 0.71428573
1000136 0.71428573
1000137 0.71428573
1000145 0.014285714
1000148 0.71428573
1000150 0.71428573
1000155 0.71428573
1000160 0.71428573
1000164 0
1000166 0.014285714
1000171 0.014285714
1000178 0.014285714
1000182 0.028571429
1000185 0.71428573
1000186 0.71428573
1000188 0.71428573
1000192 0.014285714
1000198 0.71428573
1000199 0.71428573
1000205 0.71428573
1000207 0.71428573
1000212 0.71428573
1000217 0.71428573
1000219 0.71428573
1000221 0.71428573
1000223 0
1000226 0.71428573
1000227 0.014285714
1000229 0.71428573
1000231 0.71428573
1000236 0.71428573
1000237 0.71428573
1000240 0.71428573
1000246 0
1000249 0
1000251 0
1000253 0.057142857
1000257 0.014285714
1000260 0.028571429
1000264 0.014285714
1000267 0
1000269 0.014285714
1000272 0.057142857
1000276 0.042857144
1000281 0.042857144
1000284 0.028571429
1000286 0.042857144
1000291 0.014285714
1000140 0
1000161 0
1000167 0
1000169 0
1000172 0
1000173 0
1000175 0
1000176 0
1000179 0
1000181 0
1000189 0
1000190 0
1000222 0
