1000100 0.9705882
1000198 0
1000104 0.88235295
1000107 0.85294116
1000111 0.85294116
1000115 0.4117647
1000117 0.44117647
1000120 0.3529412
1000121 0.38235295
1000127 0.1764706
1000128 0.20588236
1000129 0
1000132 0.23529412
1000134 0.2647059
1000140 0.029411765
1000142 0.11764706
1000147 0.029411765
1000153 0.4117647
1000155 0.44117647
1000158 0.3529412
1000159 0.38235295
1000165 0.1764706
1000166 0.20588236
1000167 0
1000170 0.23529412
1000172 0.2647059
1000178 0.029411765
1000180 0.11764706
1000185 0.029411765
1000188 0.0882353
1000190 0.029411765
1000195 0.029411765
1000133 0
1000171 0
