1000100 0.9861111
1000271 0
1000104 0.013888889
1000107 0
1000108 0.8472222
1000114 0.013888889
1000121 0.041666668
1000125 0.8194444
1000127 0.8333333
1000132 0.8055556
1000133 0.8055556
1000134 0.8055556
1000142 0.013888889
1000145 0.8055556
1000147 0.8055556
1000152 0.8055556
1000157 0.8055556
1000161 0
1000163 0.013888889
1000168 0.013888889
1000174 0.027777778
1000176 0.013888889
1000180 0.027777778
1000183 0.8055556
1000184 0.8055556
1000186 0.8055556
1000190 0.013888889
1000195 0.8055556
1000197 0.8055556
1000199 0.8055556
1000201 0
1000204 0.8055556
1000205 0.013888889
1000207 0.8055556
1000209 0.8055556
1000214 0.8055556
1000215 0.8055556
1000218 0.8055556
1000223 0.8055556
1000226 0.013888889
1000228 0.027777778
1000230 0.013888889
1000233 0
1000235 0.8055556
1000239 0
1000241 0.013888889
1000245 0.013888889
1000247 0.8055556
1000251 0
1000253 0.013888889
1000257 0
1000259 0.027777778
1000263 0.013888889
1000266 0
1000268 0.013888889
1000269 0.013888889
1000137 0
1000158 0
1000164 0
1000166 0
1000169 0
1000170 0
1000172 0
1000173 0
1000177 0
1000179 0
1000187 0
1000188 0
1000200 0
1000224 0
1000242 0
1000254 0
