1000100 0.972973
1000204 0
1000104 0.45945945
1000106 0.4864865
1000108 0.5135135
1000109 0.5405405
1000111 0
1000114 0.4054054
1000116 0.43243244
1000118 0.45945945
1000119 0.4864865
1000121 0.027027028
1000123 0.43243244
1000126 0.45945945
1000129 0.027027028
1000132 0
1000136 0.3783784
1000139 0.4054054
1000142 0.10810811
1000145 0
1000150 0.10810811
1000154 0.08108108
1000161 0.2972973
1000164 0.3243243
1000167 0.24324325
1000170 0
1000174 0.1891892
1000176 0.21621622
1000179 0.1891892
1000182 0.16216215
1000185 0.16216215
1000188 0.054054055
1000195 0.054054055
1000198 0
1000202 0.027027028
1000189 0
1000192 0
