1000100 0.9875
1000325 0
1000104 0.025
1000106 0.0375
1000111 0.0125
1000117 0.0625
1000121 0.0375
1000128 0.5875
1000129 0.5875
1000130 0.5875
1000138 0.0125
1000141 0.5875
1000143 0.5875
1000148 0.5875
1000153 0.5875
1000157 0
1000159 0.0125
1000164 0.0125
1000171 0.0125
1000175 0.025
1000178 0.5875
1000179 0.5875
1000181 0.5875
1000185 0.0125
1000191 0.5875
1000192 0.5875
1000198 0.5875
1000200 0.5875
1000205 0.5875
1000210 0.5875
1000212 0.5875
1000215 0.5875
1000220 0.5875
1000221 0.5875
1000224 0.5875
1000229 0.025
1000231 0.5875
1000233 0
1000235 0.05
1000239 0.0125
1000242 0.025
1000246 0.0125
1000249 0
1000251 0.0125
1000252 0.0125
1000259 0.1625
1000267 0.0375
1000269 0.05
1000271 0.0625
1000272 0.075
1000274 0.0125
1000277 0.0875
1000280 0.075
1000283 0.075
1000286 0.0375
1000292 0.125
1000293 0.15
1000296 0.1375
1000300 0.025
1000306 0.075
1000309 0.0625
1000312 0.0625
1000315 0.025
1000321 0.0125
1000323 0.0125
1000133 0
1000154 0
1000160 0
1000162 0
1000165 0
1000166 0
1000168 0
1000169 0
1000172 0
1000174 0
1000182 0
1000183 0
1000287 0
1000301 0
1000316 0
