1000100 0.9866667
1000296 0
1000103 0.17333333
1000105 0.18666667
1000108 0.74666667
1000115 0.013333334
1000121 0.04
1000128 0.6933333
1000129 0.6933333
1000130 0.6933333
1000138 0.013333334
1000141 0.6933333
1000143 0.6933333
1000148 0.6933333
1000153 0.6933333
1000157 0
1000159 0.013333334
1000164 0.013333334
1000170 0.026666667
1000172 0.013333334
1000176 0.026666667
1000179 0.6933333
1000180 0.6933333
1000182 0.6933333
1000186 0.013333334
1000191 0.6933333
1000193 0.6933333
1000196 0.6933333
1000201 0.6933333
1000202 0.6933333
1000205 0.6933333
1000210 0.17333333
1000212 0.6933333
1000214 0
1000216 0.026666667
1000220 0.013333334
1000223 0
1000225 0.013333334
1000227 0.33333334
1000231 0.013333334
1000238 0.04
1000240 0.053333335
1000242 0.06666667
1000243 0.08
1000245 0.013333334
1000248 0.093333334
1000251 0.08
1000254 0.08
1000257 0.04
1000263 0.13333334
1000264 0.16
1000267 0.14666666
1000271 0.026666667
1000277 0.08
1000280 0.06666667
1000283 0.06666667
1000286 0.026666667
1000292 0.013333334
1000294 0.013333334
1000133 0
1000154 0
1000160 0
1000162 0
1000165 0
1000166 0
1000168 0
1000169 0
1000173 0
1000175 0
1000183 0
1000184 0
1000241 0
1000258 0
1000272 0
1000287 0
