1000100 0.98333335
1000254 0
1000104 0.81666666
1000107 0.8
1000111 0.8666667
1000118 0.016666668
1000125 0.05
1000129 0.75
1000131 0.78333336
1000136 0.73333335
1000137 0.73333335
1000138 0.73333335
1000146 0.016666668
1000149 0.73333335
1000151 0.73333335
1000156 0.73333335
1000161 0.73333335
1000165 0
1000167 0.016666668
1000172 0.016666668
1000178 0.033333335
1000180 0.016666668
1000184 0.033333335
1000187 0.73333335
1000188 0.73333335
1000190 0.73333335
1000194 0.016666668
1000199 0.73333335
1000201 0.73333335
1000203 0.73333335
1000205 0.016666668
1000208 0.73333335
1000209 0.016666668
1000211 0.73333335
1000213 0.73333335
1000218 0.73333335
1000219 0.73333335
1000222 0.73333335
1000228 0
1000231 0
1000233 0
1000235 0.033333335
1000239 0.016666668
1000242 0
1000244 0.016666668
1000246 0.033333335
1000250 0.016666668
1000141 0
1000162 0
1000168 0
1000170 0
1000173 0
1000174 0
1000176 0
1000177 0
1000181 0
1000183 0
1000191 0
1000192 0
1000204 0
