1000100 0.9705882
1000193 0
1000104 0.38235295
1000106 0.4117647
1000108 0.44117647
1000109 0.47058824
1000111 0
1000114 0.32352942
1000116 0.3529412
1000118 0.38235295
1000119 0.4117647
1000121 0
1000123 0.3529412
1000126 0.38235295
1000129 0.029411765
1000132 0
1000136 0.29411766
1000139 0.32352942
1000142 0.11764706
1000145 0
1000150 0.14705883
1000154 0.029411765
1000158 0.0882353
1000163 0.20588236
1000166 0.23529412
1000169 0.14705883
1000172 0
1000176 0.05882353
1000179 0.0882353
1000180 0.11764706
1000182 0.029411765
1000184 0.05882353
1000187 0
1000191 0.029411765
