1000100 0.98507464
1000286 0
1000105 0.8208955
1000108 0.80597013
1000114 0.014925373
1000121 0.07462686
1000125 0.04477612
1000129 0.76119405
1000131 0.7910448
1000136 0.74626863
1000137 0.74626863
1000138 0.74626863
1000146 0.014925373
1000149 0.74626863
1000151 0.74626863
1000156 0.74626863
1000161 0.74626863
1000165 0
1000167 0.014925373
1000172 0.014925373
1000179 0.014925373
1000183 0.029850746
1000186 0.74626863
1000187 0.74626863
1000189 0.74626863
1000193 0.014925373
1000199 0.74626863
1000200 0.74626863
1000206 0.74626863
1000208 0.74626863
1000213 0.74626863
1000218 0.74626863
1000220 0.74626863
1000222 0.74626863
1000224 0
1000227 0.74626863
1000228 0.014925373
1000230 0.74626863
1000232 0.74626863
1000237 0.74626863
1000238 0.74626863
1000241 0.74626863
1000247 0
1000250 0
1000252 0
1000254 0.05970149
1000258 0.014925373
1000261 0.029850746
1000265 0.014925373
1000268 0
1000270 0.014925373
1000271 0.014925373
1000278 0.029850746
1000283 0.014925373
1000141 0
1000162 0
1000168 0
1000170 0
1000173 0
1000174 0
1000176 0
1000177 0
1000180 0
1000182 0
1000190 0
1000191 0
1000223 0
