1000100 0.9736842
1000183 0
1000103 0.36842105
1000107 0.7368421
1000113 0.47368422
1000115 0.5
1000117 0.5263158
1000118 0.55263156
1000120 0.02631579
1000122 0.4473684
1000125 0.47368422
1000128 0.42105263
1000131 0
1000135 0.36842105
1000137 0.39473686
1000141 0.5263158
1000145 0.02631579
1000151 0.28947368
1000153 0.31578946
1000154 0.34210527
1000158 0.13157895
1000160 0.15789473
1000162 0.18421052
1000163 0
1000166 0
1000168 0.10526316
1000171 0.13157895
1000172 0.02631579
1000175 0.02631579
1000177 0.02631579
1000178 0.078947365
1000181 0.02631579
1000116 0
1000129 0
1000138 0
1000155 0
1000161 0
1000179 0
