1000100 0.9677419
1000175 0
1000103 0.4516129
1000107 0
1000111 0.58064514
1000113 0.61290324
1000115 0.6451613
1000116 0.67741936
1000118 0.032258064
1000120 0.5483871
1000123 0.58064514
1000126 0.516129
1000129 0
1000133 0.4516129
1000135 0.48387095
1000139 0
1000143 0.3548387
1000145 0.38709676
1000146 0.41935483
1000150 0.16129032
1000152 0.19354838
1000154 0.22580644
1000155 0
1000158 0
1000160 0.12903225
1000163 0.16129032
1000164 0.032258064
1000167 0.032258064
1000169 0.032258064
1000170 0.09677419
1000173 0.032258064
