1000100 0.9756098
1000191 0
1000105 0.34146342
1000109 0.73170733
1000112 0.70731705
1000115 0.70731705
1000120 0.4390244
1000122 0.46341464
1000124 0.4878049
1000125 0.5121951
1000127 0.024390243
1000129 0.41463414
1000132 0.4390244
1000135 0.41463414
1000138 0
1000142 0.34146342
1000144 0.36585367
1000148 0.5121951
1000151 0.4878049
1000154 0.4878049
1000159 0.31707317
1000161 0.31707317
1000162 0.31707317
1000166 0.31707317
1000168 0.31707317
1000170 0.31707317
1000171 0
1000174 0
1000176 0.31707317
1000179 0.31707317
1000180 0.024390243
1000183 0.024390243
1000185 0.024390243
1000186 0.07317073
1000189 0.024390243
1000123 0
1000136 0
1000145 0
1000163 0
1000169 0
1000187 0
