1000100 0.969697
1000187 0
1000103 0.42424244
1000107 0
1000112 0.54545456
1000114 0.57575756
1000116 0.6060606
1000117 0.6363636
1000119 0.030303031
1000121 0.5151515
1000124 0.54545456
1000127 0.4848485
1000130 0
1000134 0.42424244
1000136 0.45454547
1000141 0.030303031
1000145 0
1000150 0.33333334
1000152 0.36363637
1000153 0.3939394
1000157 0.15151516
1000159 0.18181819
1000161 0.21212122
1000162 0
1000165 0
1000167 0.121212125
1000170 0.15151516
1000171 0.030303031
1000174 0.030303031
1000176 0.030303031
1000177 0.09090909
1000180 0.030303031
1000184 0.030303031
