1000100 0.9705882
1000195 0
1000103 0.38235295
1000105 0.4117647
1000108 0
1000112 0.5294118
1000116 0.47058824
1000117 0.5
1000123 0.38235295
1000125 0.4117647
1000129 0.029411765
1000132 0
1000137 0.0882353
1000139 0.11764706
1000141 0.14705883
1000142 0.1764706
1000144 0.029411765
1000147 0.20588236
1000150 0.1764706
1000153 0.1764706
1000156 0.0882353
1000162 0.29411766
1000163 0.3529412
1000166 0.32352942
1000170 0.05882353
1000176 0.1764706
1000179 0.14705883
1000182 0.14705883
1000185 0.05882353
1000191 0.029411765
1000193 0.029411765
1000157 0
1000171 0
1000186 0
