1000100 0.98507464
1000283 0
1000104 0.8507463
1000107 0.8358209
1000113 0.014925373
1000120 0.07462686
1000124 0.04477612
1000128 0.76119405
1000130 0.8208955
1000135 0.74626863
1000136 0.74626863
1000137 0.74626863
1000145 0.014925373
1000148 0.74626863
1000150 0.74626863
1000155 0.74626863
1000160 0.74626863
1000164 0
1000166 0.014925373
1000171 0.014925373
1000178 0.014925373
1000182 0.029850746
1000185 0.74626863
1000186 0.74626863
1000188 0.74626863
1000192 0.014925373
1000198 0.74626863
1000199 0.74626863
1000205 0.74626863
1000207 0.74626863
1000212 0.74626863
1000217 0.74626863
1000219 0.74626863
1000221 0.74626863
1000223 0
1000226 0.74626863
1000227 0.014925373
1000229 0.74626863
1000231 0.74626863
1000236 0.74626863
1000237 0.74626863
1000240 0.74626863
1000246 0
1000249 0
1000251 0
1000253 0.05970149
1000257 0.014925373
1000260 0.029850746
1000264 0.014925373
1000267 0
1000269 0.014925373
1000272 0.04477612
1000276 0.029850746
1000279 0.014925373
1000140 0
1000161 0
1000167 0
1000169 0
1000172 0
1000173 0
1000175 0
1000176 0
1000179 0
1000181 0
1000189 0
1000190 0
1000222 0
