1000100 0.9852941
1000287 0
1000104 0.8088235
1000107 0.7941176
1000111 0.88235295
1000118 0.014705882
1000125 0.073529415
1000129 0.04411765
1000133 0.75
1000135 0.7794118
1000140 0.7352941
1000141 0.7352941
1000142 0.7352941
1000150 0.014705882
1000153 0.7352941
1000155 0.7352941
1000160 0.7352941
1000165 0.7352941
1000169 0
1000171 0.014705882
1000176 0.014705882
1000183 0.014705882
1000187 0.029411765
1000190 0.7352941
1000191 0.7352941
1000193 0.7352941
1000197 0.014705882
1000203 0.7352941
1000204 0.7352941
1000210 0.7352941
1000212 0.7352941
1000217 0.7352941
1000222 0.7352941
1000224 0.7352941
1000226 0.7352941
1000228 0.014705882
1000231 0.7352941
1000232 0.014705882
1000234 0.7352941
1000236 0.7352941
1000241 0.7352941
1000242 0.7352941
1000245 0.7352941
1000251 0
1000254 0
1000256 0
1000258 0.05882353
1000262 0.014705882
1000265 0.029411765
1000269 0.014705882
1000272 0
1000274 0.014705882
1000276 0.04411765
1000280 0.014705882
1000284 0.014705882
1000145 0
1000166 0
1000172 0
1000174 0
1000177 0
1000178 0
1000180 0
1000181 0
1000184 0
1000186 0
1000194 0
1000195 0
1000227 0
