1000100 0.99358976
1000527 0
1000103 0.16025642
1000105 0.16666667
1000108 0.80128205
1000113 0.0064102565
1000119 0.032051284
1000123 0.01923077
1000130 0.44871795
1000131 0.44871795
1000132 0.44871795
1000140 0.0064102565
1000143 0.44871795
1000145 0.44871795
1000150 0.44871795
1000155 0.44871795
1000159 0
1000161 0.0064102565
1000166 0.0064102565
1000173 0.0064102565
1000177 0.012820513
1000180 0.44871795
1000181 0.44871795
1000183 0.44871795
1000187 0.0064102565
1000193 0.44871795
1000194 0.44871795
1000200 0.44871795
1000202 0.44871795
1000207 0.44871795
1000212 0.44871795
1000214 0.44871795
1000217 0.44871795
1000222 0.44871795
1000223 0.44871795
1000226 0.44871795
1000231 0.16025642
1000233 0.44871795
1000235 0
1000237 0.025641026
1000241 0.0064102565
1000244 0.012820513
1000248 0.0064102565
1000251 0
1000253 0.0064102565
1000259 0.0064102565
1000265 0.032051284
1000269 0.01923077
1000276 0.44871795
1000277 0.44871795
1000278 0.44871795
1000286 0.0064102565
1000289 0.44871795
1000291 0.44871795
1000296 0.44871795
1000301 0.44871795
1000305 0
1000307 0.0064102565
1000312 0.0064102565
1000319 0.0064102565
1000323 0.012820513
1000326 0.44871795
1000327 0.44871795
1000329 0.44871795
1000333 0.0064102565
1000339 0.44871795
1000340 0.44871795
1000346 0.44871795
1000348 0.44871795
1000353 0.44871795
1000358 0.44871795
1000360 0.44871795
1000363 0.44871795
1000368 0.44871795
1000369 0.44871795
1000372 0.44871795
1000377 0.16025642
1000379 0.44871795
1000381 0
1000383 0.025641026
1000387 0.0064102565
1000390 0.012820513
1000394 0.0064102565
1000397 0
1000399 0.0064102565
1000401 0.30128205
1000406 0.01923077
1000408 0.025641026
1000410 0.032051284
1000411 0.03846154
1000413 0.0064102565
1000416 0.044871796
1000419 0.03846154
1000422 0.03846154
1000425 0.01923077
1000431 0.06410257
1000432 0.07692308
1000435 0.070512824
1000439 0.012820513
1000445 0.03846154
1000448 0.032051284
1000451 0.032051284
1000454 0.012820513
1000460 0.0064102565
1000462 0.0064102565
1000469 0.01923077
1000471 0.025641026
1000473 0.032051284
1000474 0.03846154
1000476 0.0064102565
1000479 0.044871796
1000482 0.03846154
1000485 0.03846154
1000488 0.01923077
1000494 0.06410257
1000495 0.07692308
1000498 0.070512824
1000502 0.012820513
1000508 0.03846154
1000511 0.032051284
1000514 0.032051284
1000517 0.012820513
1000523 0.0064102565
1000525 0.0064102565
1000135 0
1000156 0
1000162 0
1000164 0
1000167 0
1000168 0
1000170 0
1000171 0
1000174 0
1000176 0
1000184 0
1000185 0
1000281 0
1000302 0
1000308 0
1000310 0
1000313 0
1000314 0
1000316 0
1000317 0
1000320 0
1000322 0
1000330 0
1000331 0
1000409 0
1000426 0
1000440 0
1000455 0
1000472 0
1000489 0
1000503 0
1000518 0
