1000100 0.98571426
1000297 0
1000103 0.2
1000105 0.21428572
1000110 0.014285714
1000116 0.071428575
1000120 0.042857144
1000127 0.8428571
1000128 0.8428571
1000129 0.8428571
1000137 0.014285714
1000140 0.8428571
1000142 0.8428571
1000147 0.8428571
1000152 0.8428571
1000156 0
1000158 0.014285714
1000163 0.014285714
1000170 0.014285714
1000174 0.028571429
1000177 0.8428571
1000178 0.8428571
1000180 0.8428571
1000184 0.014285714
1000190 0.8428571
1000191 0.8428571
1000197 0.8428571
1000199 0.8428571
1000204 0.8428571
1000209 0.8428571
1000211 0.8428571
1000214 0.8428571
1000219 0.8428571
1000220 0.8428571
1000223 0.8428571
1000228 0.2
1000230 0.8428571
1000232 0
1000234 0.057142857
1000238 0.014285714
1000241 0.028571429
1000245 0.014285714
1000248 0
1000250 0.014285714
1000253 0.18571429
1000257 0.17142858
1000263 0.028571429
1000266 0.12857144
1000267 0.15714286
1000270 0.14285715
1000274 0.014285714
1000280 0.071428575
1000283 0.057142857
1000286 0.057142857
1000289 0.014285714
1000295 0.014285714
1000132 0
1000153 0
1000159 0
1000161 0
1000164 0
1000165 0
1000167 0
1000168 0
1000171 0
1000173 0
1000181 0
1000182 0
1000275 0
1000290 0
