1000100 0.98630136
1000288 0
1000103 0.1780822
1000105 0.19178082
1000108 0
1000113 0.01369863
1000119 0.04109589
1000126 0.7123288
1000127 0.7123288
1000128 0.7123288
1000136 0.01369863
1000139 0.7123288
1000141 0.7123288
1000146 0.7123288
1000151 0.7123288
1000155 0
1000157 0.01369863
1000162 0.01369863
1000168 0.02739726
1000170 0.01369863
1000174 0.02739726
1000177 0.7123288
1000178 0.7123288
1000180 0.7123288
1000184 0.01369863
1000189 0.7123288
1000191 0.7123288
1000194 0.7123288
1000199 0.7123288
1000200 0.7123288
1000203 0.7123288
1000208 0.1780822
1000210 0.7123288
1000212 0
1000214 0.02739726
1000218 0.01369863
1000221 0
1000223 0.01369863
1000225 0
1000230 0.04109589
1000232 0.05479452
1000234 0.06849315
1000235 0.08219178
1000237 0.01369863
1000240 0.09589041
1000243 0.08219178
1000246 0.08219178
1000249 0.04109589
1000255 0.1369863
1000256 0.16438356
1000259 0.15068494
1000263 0.02739726
1000269 0.08219178
1000272 0.06849315
1000275 0.06849315
1000278 0.02739726
1000284 0.01369863
1000286 0.01369863
1000131 0
1000152 0
1000158 0
1000160 0
1000163 0
1000164 0
1000166 0
1000167 0
1000171 0
1000173 0
1000181 0
1000182 0
1000250 0
1000264 0
1000279 0
