1000100 0.98507464
1000280 0
1000105 0.17910448
1000107 0.19402985
1000110 0.8507463
1000113 0.8358209
1000116 0.8358209
1000122 0.014925373
1000128 0.8358209
1000135 0.8358209
1000136 0.8358209
1000137 0.8358209
1000145 0.014925373
1000148 0.8358209
1000150 0.8358209
1000155 0.8358209
1000160 0.8358209
1000164 0
1000166 0.014925373
1000171 0.014925373
1000177 0.029850746
1000179 0.014925373
1000183 0.029850746
1000186 0.8358209
1000187 0.8358209
1000189 0.8358209
1000193 0.014925373
1000198 0.8358209
1000200 0.8358209
1000203 0.8358209
1000208 0.8358209
1000209 0.8358209
1000212 0.8358209
1000217 0.17910448
1000219 0.8358209
1000221 0
1000223 0.8358209
1000227 0.014925373
1000230 0
1000232 0.014925373
1000234 0.2238806
1000237 0.20895523
1000240 0.20895523
1000246 0.029850746
1000249 0.13432837
1000250 0.1641791
1000253 0.1641791
1000257 0.014925373
1000263 0.07462686
1000266 0.05970149
1000269 0.05970149
1000272 0.014925373
1000278 0.014925373
1000140 0
1000161 0
1000167 0
1000169 0
1000172 0
1000173 0
1000175 0
1000176 0
1000180 0
1000182 0
1000190 0
1000191 0
1000258 0
1000273 0
