1000100 0.9852941
1000283 0
1000104 0.8088235
1000107 0.7941176
1000111 0.85294116
1000116 0.014705882
1000123 0.073529415
1000127 0.04411765
1000131 0.75
1000133 0.7794118
1000138 0.7352941
1000139 0.7352941
1000140 0.7352941
1000148 0.014705882
1000151 0.7352941
1000153 0.7352941
1000158 0.7352941
1000163 0.7352941
1000167 0
1000169 0.014705882
1000174 0.014705882
1000181 0.014705882
1000185 0.029411765
1000188 0.7352941
1000189 0.7352941
1000191 0.7352941
1000195 0.014705882
1000201 0.7352941
1000202 0.7352941
1000208 0.7352941
1000210 0.7352941
1000215 0.7352941
1000220 0.7352941
1000222 0.7352941
1000224 0.7352941
1000226 0.014705882
1000229 0.7352941
1000230 0.014705882
1000232 0.7352941
1000234 0.7352941
1000239 0.7352941
1000240 0.7352941
1000243 0.7352941
1000249 0
1000252 0
1000254 0
1000256 0.05882353
1000260 0.014705882
1000263 0.029411765
1000267 0.014705882
1000270 0
1000272 0.014705882
1000274 0.04411765
1000276 0.014705882
1000280 0.014705882
1000143 0
1000164 0
1000170 0
1000172 0
1000175 0
1000176 0
1000178 0
1000179 0
1000182 0
1000184 0
1000192 0
1000193 0
1000225 0
