1000100 0.9861111
1000273 0
1000103 0
1000104 0.8333333
1000112 0.013888889
1000119 0.041666668
1000123 0.8055556
1000125 0.8194444
1000130 0.7916667
1000131 0.7916667
1000132 0.7916667
1000140 0.013888889
1000143 0.7916667
1000145 0.7916667
1000150 0.7916667
1000155 0.7916667
1000159 0
1000161 0.013888889
1000166 0.013888889
1000172 0.027777778
1000174 0.013888889
1000178 0.027777778
1000181 0.7916667
1000182 0.7916667
1000184 0.7916667
1000188 0.013888889
1000193 0.7916667
1000195 0.7916667
1000197 0.7916667
1000199 0.013888889
1000202 0.7916667
1000203 0.013888889
1000205 0.7916667
1000207 0.7916667
1000212 0.7916667
1000213 0.7916667
1000216 0.7916667
1000221 0.7916667
1000224 0.013888889
1000226 0.027777778
1000228 0.013888889
1000231 0
1000233 0.7916667
1000237 0
1000239 0.013888889
1000243 0.013888889
1000245 0.7916667
1000249 0
1000251 0.013888889
1000255 0
1000257 0.027777778
1000261 0.013888889
1000264 0
1000266 0.013888889
1000270 0
1000271 0.013888889
1000135 0
1000156 0
1000162 0
1000164 0
1000167 0
1000168 0
1000170 0
1000171 0
1000175 0
1000177 0
1000185 0
1000186 0
1000198 0
1000222 0
1000240 0
1000252 0
