1000100 0.9878049
1000321 0
1000104 0.0121951215
1000109 0.0121951215
1000113 0
1000114 0.0121951215
1000119 0.81707317
1000126 0.0121951215
1000133 0.06097561
1000137 0.036585364
1000141 0.79268295
1000143 0.80487806
1000148 0.7804878
1000149 0.7804878
1000150 0.7804878
1000158 0.0121951215
1000161 0.7804878
1000163 0.7804878
1000168 0.7804878
1000173 0.7804878
1000177 0
1000179 0.0121951215
1000184 0.0121951215
1000191 0.0121951215
1000195 0.024390243
1000198 0.7804878
1000199 0.7804878
1000201 0.7804878
1000205 0.0121951215
1000211 0.7804878
1000212 0.7804878
1000218 0.7804878
1000220 0.7804878
1000225 0.7804878
1000230 0.7804878
1000232 0.7804878
1000234 0.7804878
1000236 0
1000239 0.7804878
1000240 0.0121951215
1000242 0.7804878
1000244 0.7804878
1000249 0.7804878
1000250 0.7804878
1000253 0.7804878
1000258 0.7804878
1000261 0.0121951215
1000263 0.024390243
1000265 0.0121951215
1000268 0
1000270 0.7804878
1000274 0
1000276 0.0121951215
1000280 0.0121951215
1000282 0.7804878
1000286 0
1000288 0.0121951215
1000292 0
1000294 0.048780486
1000298 0.0121951215
1000301 0.024390243
1000305 0.0121951215
1000308 0
1000310 0.0121951215
1000311 0.0121951215
1000317 0.0121951215
1000153 0
1000174 0
1000180 0
1000182 0
1000185 0
1000186 0
1000188 0
1000189 0
1000192 0
1000194 0
1000202 0
1000203 0
1000235 0
1000259 0
1000277 0
1000289 0
