1000100 0.9756098
1000207 0
1000103 0.024390243
1000107 0.73170733
1000111 0.2195122
1000113 0.24390244
1000115 0.2682927
1000116 0.29268292
1000118 0.024390243
1000120 0.19512194
1000123 0.2195122
1000126 0.09756097
1000129 0
1000133 0.07317073
1000140 0.2195122
1000142 0.24390244
1000144 0.2682927
1000145 0.29268292
1000147 0.024390243
1000149 0.19512194
1000152 0.2195122
1000155 0.09756097
1000158 0
1000162 0.07317073
1000168 0.09756097
1000171 0.12195122
1000174 0
1000177 0
1000182 0.17073171
1000185 0.14634146
1000188 0.14634146
1000191 0.048780486
1000198 0.048780486
1000201 0
1000205 0.024390243
1000114 0
1000127 0
1000143 0
1000156 0
1000192 0
1000195 0
