1000100 0.9859155
1000302 0
1000103 0.16901408
1000105 0.18309858
1000108 0.87323946
1000115 0.014084507
1000121 0.07042254
1000125 0.04225352
1000132 0.8028169
1000133 0.8028169
1000134 0.8028169
1000142 0.014084507
1000145 0.8028169
1000147 0.8028169
1000152 0.8028169
1000157 0.8028169
1000161 0
1000163 0.014084507
1000168 0.014084507
1000175 0.014084507
1000179 0.028169014
1000182 0.8028169
1000183 0.8028169
1000185 0.8028169
1000189 0.014084507
1000195 0.8028169
1000196 0.8028169
1000202 0.8028169
1000204 0.8028169
1000209 0.8028169
1000214 0.8028169
1000216 0.8028169
1000219 0.8028169
1000224 0.8028169
1000225 0.8028169
1000228 0.8028169
1000233 0.16901408
1000235 0.8028169
1000237 0
1000239 0.056338027
1000243 0.014084507
1000246 0.028169014
1000250 0.014084507
1000253 0
1000255 0.014084507
1000257 0.1971831
1000261 0.014084507
1000268 0.028169014
1000271 0.12676056
1000272 0.15492958
1000275 0.14084508
1000279 0.014084507
1000285 0.07042254
1000288 0.056338027
1000291 0.056338027
1000294 0.014084507
1000300 0.014084507
1000137 0
1000158 0
1000164 0
1000166 0
1000169 0
1000170 0
1000172 0
1000173 0
1000176 0
1000178 0
1000186 0
1000187 0
1000280 0
1000295 0
