1000100 0.984375
1000268 0
1000103 0.1875
1000105 0.203125
1000108 0
1000113 0.015625
1000119 0.046875
1000126 0.796875
1000127 0.796875
1000128 0.796875
1000136 0.015625
1000139 0.796875
1000141 0.796875
1000146 0.796875
1000151 0.796875
1000155 0
1000157 0.015625
1000162 0.015625
1000168 0.03125
1000170 0.015625
1000174 0.03125
1000177 0.796875
1000178 0.796875
1000180 0.796875
1000184 0.015625
1000189 0.796875
1000191 0.796875
1000194 0.796875
1000199 0.796875
1000200 0.796875
1000203 0.796875
1000208 0.1875
1000210 0.796875
1000212 0
1000214 0.03125
1000218 0.015625
1000221 0
1000223 0.015625
1000225 0
1000227 0.015625
1000234 0.03125
1000237 0.140625
1000238 0.171875
1000241 0.15625
1000245 0.015625
1000251 0.078125
1000254 0.0625
1000257 0.0625
1000260 0.015625
1000266 0.015625
1000131 0
1000152 0
1000158 0
1000160 0
1000163 0
1000164 0
1000166 0
1000167 0
1000171 0
1000173 0
1000181 0
1000182 0
1000246 0
1000261 0
