1000100 0.9916667
1000408 0
1000104 0.81666666
1000107 0.80833334
1000111 0.85833335
1000116 0.008333334
1000123 0.025
1000127 0.375
1000129 0.41666666
1000134 0.36666667
1000135 0.36666667
1000136 0.36666667
1000144 0.008333334
1000147 0.36666667
1000149 0.36666667
1000154 0.36666667
1000159 0.36666667
1000163 0
1000165 0.008333334
1000170 0.008333334
1000176 0.016666668
1000178 0.008333334
1000182 0.016666668
1000185 0.36666667
1000186 0.36666667
1000188 0.36666667
1000192 0.008333334
1000197 0.36666667
1000199 0.36666667
1000201 0.36666667
1000203 0
1000206 0.36666667
1000207 0.008333334
1000209 0.36666667
1000211 0.36666667
1000216 0.36666667
1000217 0.36666667
1000220 0.36666667
1000226 0
1000229 0
1000231 0
1000233 0.016666668
1000237 0.008333334
1000240 0
1000242 0.008333334
1000248 0.008333334
1000255 0.025
1000259 0.375
1000261 0.41666666
1000266 0.36666667
1000267 0.36666667
1000268 0.36666667
1000276 0.008333334
1000279 0.36666667
1000281 0.36666667
1000286 0.36666667
1000291 0.36666667
1000295 0
1000297 0.008333334
1000302 0.008333334
1000308 0.016666668
1000310 0.008333334
1000314 0.016666668
1000317 0.36666667
1000318 0.36666667
1000320 0.36666667
1000324 0.008333334
1000329 0.36666667
1000331 0.36666667
1000333 0.36666667
1000335 0
1000338 0.36666667
1000339 0.008333334
1000341 0.36666667
1000343 0.36666667
1000348 0.36666667
1000349 0.36666667
1000352 0.36666667
1000358 0
1000361 0
1000363 0
1000365 0.016666668
1000369 0.008333334
1000372 0
1000374 0.008333334
1000376 0.075
1000380 0.025
1000383 0.016666668
1000385 0.025
1000390 0.008333334
1000396 0.025
1000399 0.016666668
1000401 0.025
1000406 0.008333334
1000139 0
1000160 0
1000166 0
1000168 0
1000171 0
1000172 0
1000174 0
1000175 0
1000179 0
1000181 0
1000189 0
1000190 0
1000202 0
1000271 0
1000292 0
1000298 0
1000300 0
1000303 0
1000304 0
1000306 0
1000307 0
1000311 0
1000313 0
1000321 0
1000322 0
1000334 0
