1000100 0.98550725
1000242 0
1000103 0.014492754
1000107 0.79710144
1000111 0.44927537
1000113 0.46376812
1000115 0.47826087
1000116 0.49275362
1000118 0
1000120 0.4347826
1000123 0.44927537
1000126 0.42028984
1000129 0
1000133 0.39130434
1000135 0.4057971
1000142 0.44927537
1000144 0.46376812
1000146 0.47826087
1000147 0.49275362
1000149 0
1000151 0.4347826
1000154 0.44927537
1000157 0.42028984
1000160 0
1000164 0.39130434
1000166 0.4057971
1000170 0.5362319
1000174 0.1594203
1000176 0.17391305
1000177 0.1884058
1000181 0.072463766
1000183 0.08695652
1000185 0.10144927
1000186 0
1000189 0
1000191 0.057971016
1000194 0.072463766
1000195 0.014492754
1000198 0.014492754
1000200 0.014492754
1000201 0.04347826
1000204 0.014492754
1000210 0.1594203
1000212 0.17391305
1000213 0.1884058
1000217 0.072463766
1000219 0.08695652
1000221 0.10144927
1000222 0
1000225 0
1000227 0.057971016
1000230 0.072463766
1000231 0.014492754
1000234 0.014492754
1000236 0.014492754
1000237 0.04347826
1000240 0.014492754
1000114 0
1000127 0
1000136 0
1000145 0
1000158 0
1000167 0
1000178 0
1000184 0
1000202 0
1000214 0
1000220 0
1000238 0
