1000100 0.98571426
1000292 0
1000104 0.8142857
1000107 0.8
1000111 0
1000116 0.014285714
1000123 0.071428575
1000127 0.042857144
1000131 0.74285716
1000133 0.78571427
1000138 0.7285714
1000139 0.7285714
1000140 0.7285714
1000148 0.014285714
1000151 0.7285714
1000153 0.7285714
1000158 0.7285714
1000163 0.7285714
1000167 0
1000169 0.014285714
1000174 0.014285714
1000181 0.014285714
1000185 0.028571429
1000188 0.7285714
1000189 0.7285714
1000191 0.7285714
1000195 0.014285714
1000201 0.7285714
1000202 0.7285714
1000208 0.7285714
1000210 0.7285714
1000215 0.7285714
1000220 0.7285714
1000222 0.7285714
1000224 0.7285714
1000226 0.014285714
1000229 0.7285714
1000230 0.014285714
1000232 0.7285714
1000234 0.7285714
1000239 0.7285714
1000240 0.7285714
1000243 0.7285714
1000249 0
1000252 0
1000254 0
1000256 0.057142857
1000260 0.014285714
1000263 0.028571429
1000267 0.014285714
1000270 0
1000272 0.014285714
1000275 0
1000279 0.042857144
1000282 0.028571429
1000284 0.042857144
1000289 0.014285714
1000143 0
1000164 0
1000170 0
1000172 0
1000175 0
1000176 0
1000178 0
1000179 0
1000182 0
1000184 0
1000192 0
1000193 0
1000225 0
