1000100 0.9935065
1000499 0
1000103 0
1000104 0.8636364
1000108 0.91558444
1000113 0.0064935065
1000120 0.032467533
1000124 0.019480519
1000128 0.42857143
1000130 0.43506494
1000135 0.42207792
1000136 0.42207792
1000137 0.42207792
1000145 0.0064935065
1000148 0.42207792
1000150 0.42207792
1000155 0.42207792
1000160 0.42207792
1000164 0
1000166 0.0064935065
1000171 0.0064935065
1000178 0.0064935065
1000182 0.012987013
1000185 0.42207792
1000186 0.42207792
1000188 0.42207792
1000192 0.0064935065
1000198 0.42207792
1000199 0.42207792
1000205 0.42207792
1000207 0.42207792
1000212 0.42207792
1000217 0.42207792
1000219 0.42207792
1000221 0.42207792
1000223 0
1000226 0.42207792
1000227 0.0064935065
1000229 0.42207792
1000231 0.42207792
1000236 0.42207792
1000237 0.42207792
1000240 0.42207792
1000245 0.42207792
1000248 0.0064935065
1000250 0.012987013
1000252 0.0064935065
1000255 0
1000257 0.42207792
1000261 0
1000263 0.0064935065
1000267 0.0064935065
1000269 0.42207792
1000273 0
1000275 0.0064935065
1000279 0
1000281 0.025974026
1000285 0.0064935065
1000288 0.012987013
1000292 0.0064935065
1000295 0
1000297 0.0064935065
1000303 0.0064935065
1000310 0.032467533
1000314 0.019480519
1000318 0.42857143
1000320 0.43506494
1000325 0.42207792
1000326 0.42207792
1000327 0.42207792
1000335 0.0064935065
1000338 0.42207792
1000340 0.42207792
1000345 0.42207792
1000350 0.42207792
1000354 0
1000356 0.0064935065
1000361 0.0064935065
1000368 0.0064935065
1000372 0.012987013
1000375 0.42207792
1000376 0.42207792
1000378 0.42207792
1000382 0.0064935065
1000388 0.42207792
1000389 0.42207792
1000395 0.42207792
1000397 0.42207792
1000402 0.42207792
1000407 0.42207792
1000409 0.42207792
1000411 0.42207792
1000413 0
1000416 0.42207792
1000417 0.0064935065
1000419 0.42207792
1000421 0.42207792
1000426 0.42207792
1000427 0.42207792
1000430 0.42207792
1000435 0.42207792
1000438 0.0064935065
1000440 0.012987013
1000442 0.0064935065
1000445 0
1000447 0.42207792
1000451 0
1000453 0.0064935065
1000457 0.0064935065
1000459 0.42207792
1000463 0
1000465 0.0064935065
1000469 0
1000471 0.025974026
1000475 0.0064935065
1000478 0.012987013
1000482 0.0064935065
1000485 0
1000487 0.0064935065
1000489 0.019480519
1000491 0.0064935065
1000496 0.0064935065
1000140 0
1000161 0
1000167 0
1000169 0
1000172 0
1000173 0
1000175 0
1000176 0
1000179 0
1000181 0
1000189 0
1000190 0
1000222 0
1000246 0
1000264 0
1000276 0
1000330 0
1000351 0
1000357 0
1000359 0
1000362 0
1000363 0
1000365 0
1000366 0
1000369 0
1000371 0
1000379 0
1000380 0
1000412 0
1000436 0
1000454 0
1000466 0
