1000100 0.9677419
1000191 0
1000103 0.41935483
1000105 0.4516129
1000108 0
1000111 0.032258064
1000118 0.032258064
1000122 0
1000128 0.09677419
1000130 0.12903225
1000132 0.16129032
1000133 0.19354838
1000135 0.032258064
1000138 0.22580644
1000141 0.19354838
1000144 0.19354838
1000147 0.09677419
1000153 0.32258064
1000154 0.38709676
1000157 0.3548387
1000161 0.06451613
1000167 0.19354838
1000170 0.16129032
1000173 0.16129032
1000176 0.06451613
1000182 0.032258064
1000184 0.032258064
1000188 0.032258064
1000148 0
1000162 0
1000177 0
