1000100 0.9677419
1000179 0
1000103 0.41935483
1000105 0.4516129
1000108 0.09677419
1000110 0.032258064
1000116 0.7741935
1000121 0.09677419
1000123 0.12903225
1000125 0.16129032
1000126 0.19354838
1000128 0.032258064
1000131 0.22580644
1000134 0.19354838
1000137 0.19354838
1000140 0.09677419
1000146 0.32258064
1000147 0.38709676
1000150 0.3548387
1000154 0.06451613
1000160 0.19354838
1000163 0.16129032
1000166 0.16129032
1000169 0.06451613
1000175 0.032258064
1000177 0.032258064
1000113 0
1000124 0
1000141 0
1000155 0
1000170 0
