1000100 0.984375
1000281 0
1000103 0.390625
1000105 0.40625
1000108 0.578125
1000112 0.46875
1000116 0.4375
1000117 0.453125
1000123 0.390625
1000125 0.40625
1000129 0.015625
1000135 0.46875
1000139 0.4375
1000140 0.453125
1000146 0.390625
1000148 0.40625
1000152 0.015625
1000155 0.734375
1000160 0.046875
1000162 0.0625
1000164 0.078125
1000165 0.09375
1000167 0.015625
1000170 0.109375
1000173 0.09375
1000176 0.09375
1000179 0.046875
1000185 0.15625
1000186 0.1875
1000189 0.171875
1000193 0.03125
1000199 0.09375
1000202 0.078125
1000205 0.078125
1000208 0.03125
1000214 0.015625
1000216 0.015625
1000223 0.046875
1000225 0.0625
1000227 0.078125
1000228 0.09375
1000230 0.015625
1000233 0.109375
1000236 0.09375
1000239 0.09375
1000242 0.046875
1000248 0.15625
1000249 0.1875
1000252 0.171875
1000256 0.03125
1000262 0.09375
1000265 0.078125
1000268 0.078125
1000271 0.03125
1000277 0.015625
1000279 0.015625
1000163 0
1000180 0
1000194 0
1000209 0
1000226 0
1000243 0
1000257 0
1000272 0
