1000100 0.9677419
1000178 0
1000104 0.032258064
1000106 0.06451613
1000108 0.09677419
1000109 0.12903225
1000111 0
1000114 0.12903225
1000116 0.16129032
1000118 0.19354838
1000119 0.22580644
1000120 0
1000123 0.032258064
1000126 0.2580645
1000128 0.06451613
1000131 0.06451613
1000138 0.06451613
1000141 0.06451613
1000148 0.32258064
1000153 0.2580645
1000155 0.29032257
1000158 0.2580645
1000161 0.22580644
1000163 0.032258064
1000166 0.22580644
1000169 0.06451613
1000176 0.032258064
1000132 0
1000142 0
1000170 0
1000173 0
