1000100 0.9705882
1000193 0
1000105 0.38235295
1000107 0.4117647
1000110 0.47058824
1000113 0.44117647
1000116 0.44117647
1000119 0.38235295
1000123 0.7647059
1000126 0.7352941
1000129 0.7352941
1000135 0.0882353
1000137 0.11764706
1000139 0.14705883
1000140 0.1764706
1000142 0.029411765
1000145 0.20588236
1000148 0.1764706
1000151 0.1764706
1000154 0.0882353
1000160 0.29411766
1000161 0.3529412
1000164 0.3529412
1000168 0.05882353
1000174 0.1764706
1000177 0.14705883
1000180 0.14705883
1000183 0.05882353
1000189 0.029411765
1000191 0.029411765
1000138 0
1000155 0
1000169 0
1000184 0
