1000100 0.9655172
1000184 0
1000104 0.03448276
1000106 0.06896552
1000108 0.06896552
1000111 0.03448276
1000118 0.44827586
1000126 0.10344828
1000128 0.13793103
1000130 0.1724138
1000131 0.20689656
1000133 0.03448276
1000136 0.2413793
1000139 0.20689656
1000142 0.20689656
1000145 0.10344828
1000151 0.3448276
1000152 0.41379312
1000155 0.37931034
1000159 0.06896552
1000165 0.20689656
1000168 0.1724138
1000171 0.1724138
1000174 0.06896552
1000180 0.03448276
1000182 0.03448276
1000146 0
1000160 0
1000175 0
