1000100 0.9866667
1000291 0
1000104 0.013333334
1000109 0.013333334
1000113 0
1000114 0.013333334
1000119 0.81333333
1000126 0.013333334
1000133 0.04
1000137 0.7866667
1000139 0.8
1000144 0.7733333
1000145 0.7733333
1000146 0.7733333
1000154 0.013333334
1000157 0.7733333
1000159 0.7733333
1000164 0.7733333
1000169 0.7733333
1000173 0
1000175 0.013333334
1000180 0.013333334
1000186 0.026666667
1000188 0.013333334
1000192 0.026666667
1000195 0.7733333
1000196 0.7733333
1000198 0.7733333
1000202 0.013333334
1000207 0.7733333
1000209 0.7733333
1000211 0.7733333
1000213 0
1000216 0.7733333
1000217 0.013333334
1000219 0.7733333
1000221 0.7733333
1000226 0.7733333
1000227 0.7733333
1000230 0.7733333
1000235 0.7733333
1000238 0.013333334
1000240 0.026666667
1000242 0.013333334
1000245 0
1000247 0.7733333
1000251 0
1000253 0.013333334
1000257 0.013333334
1000259 0.7733333
1000263 0
1000265 0.013333334
1000269 0
1000271 0.026666667
1000275 0.013333334
1000278 0
1000280 0.013333334
1000281 0.013333334
1000287 0.013333334
1000149 0
1000170 0
1000176 0
1000178 0
1000181 0
1000182 0
1000184 0
1000185 0
1000189 0
1000191 0
1000199 0
1000200 0
1000212 0
1000236 0
1000254 0
1000266 0
