1000100 0.9677419
1000181 0
1000103 0.41935483
1000105 0.4516129
1000108 0.87096775
1000112 0.41935483
1000116 0.7741935
1000123 0.09677419
1000125 0.12903225
1000127 0.16129032
1000128 0.19354838
1000130 0.032258064
1000133 0.22580644
1000136 0.19354838
1000139 0.19354838
1000142 0.09677419
1000148 0.32258064
1000149 0.38709676
1000152 0.3548387
1000156 0.06451613
1000162 0.19354838
1000165 0.16129032
1000168 0.16129032
1000171 0.06451613
1000177 0.032258064
1000179 0.032258064
1000114 0
1000126 0
1000143 0
1000157 0
1000172 0
