1000100 0.9677419
1000182 0
1000103 0.12903225
1000107 0.7741935
1000111 0.48387095
1000113 0.516129
1000115 0.5483871
1000116 0.58064514
1000118 0.032258064
1000120 0.4516129
1000123 0.48387095
1000126 0.06451613
1000129 0
1000137 0.3548387
1000140 0.38709676
1000143 0.29032257
1000146 0
1000150 0.22580644
1000152 0.2580645
1000155 0.22580644
1000158 0.19354838
1000161 0.19354838
1000164 0.06451613
1000171 0.06451613
1000174 0
1000178 0.032258064
1000180 0.032258064
1000114 0
1000127 0
1000165 0
1000168 0
