1000100 0.9830508
1000243 0
1000103 0
1000105 0.8305085
1000108 0.8135593
1000114 0.016949153
1000121 0.050847456
1000125 0.7627119
1000127 0.7966102
1000132 0.7457627
1000133 0.7457627
1000134 0.7457627
1000142 0.016949153
1000145 0.7457627
1000147 0.7457627
1000152 0.7457627
1000157 0.7457627
1000161 0
1000163 0.016949153
1000168 0.016949153
1000174 0.033898305
1000176 0.016949153
1000180 0.033898305
1000183 0.7457627
1000184 0.7457627
1000186 0.7457627
1000190 0.016949153
1000195 0.7457627
1000197 0.7457627
1000199 0.7457627
1000201 0
1000204 0.7457627
1000205 0.016949153
1000207 0.7457627
1000209 0.7457627
1000214 0.7457627
1000215 0.7457627
1000218 0.7457627
1000224 0
1000227 0
1000229 0
1000231 0.033898305
1000235 0.016949153
1000238 0
1000240 0.016949153
1000241 0.016949153
1000137 0
1000158 0
1000164 0
1000166 0
1000169 0
1000170 0
1000172 0
1000173 0
1000177 0
1000179 0
1000187 0
1000188 0
1000200 0
