1000100 0.99358976
1000501 0
1000103 0
1000104 0.8397436
1000108 0.89102566
1000113 0.0064102565
1000120 0.032051284
1000124 0.01923077
1000128 0.41025642
1000130 0.41666666
1000135 0.40384614
1000136 0.40384614
1000137 0.40384614
1000145 0.0064102565
1000148 0.40384614
1000150 0.40384614
1000155 0.40384614
1000160 0.40384614
1000164 0
1000166 0.0064102565
1000171 0.0064102565
1000178 0.0064102565
1000182 0.012820513
1000185 0.40384614
1000186 0.40384614
1000188 0.40384614
1000192 0.0064102565
1000198 0.40384614
1000199 0.40384614
1000205 0.40384614
1000207 0.40384614
1000212 0.40384614
1000217 0.40384614
1000219 0.40384614
1000221 0.40384614
1000223 0.0064102565
1000226 0.40384614
1000227 0.0064102565
1000229 0.40384614
1000231 0.40384614
1000236 0.40384614
1000237 0.40384614
1000240 0.40384614
1000245 0.40384614
1000248 0.0064102565
1000250 0.012820513
1000252 0.0064102565
1000255 0
1000257 0.40384614
1000261 0
1000263 0.0064102565
1000267 0.0064102565
1000269 0.40384614
1000273 0
1000275 0.0064102565
1000279 0
1000281 0.025641026
1000285 0.0064102565
1000288 0.012820513
1000292 0.0064102565
1000295 0
1000297 0.0064102565
1000303 0.0064102565
1000310 0.032051284
1000314 0.01923077
1000318 0.41025642
1000320 0.41666666
1000325 0.40384614
1000326 0.40384614
1000327 0.40384614
1000335 0.0064102565
1000338 0.40384614
1000340 0.40384614
1000345 0.40384614
1000350 0.40384614
1000354 0
1000356 0.0064102565
1000361 0.0064102565
1000368 0.0064102565
1000372 0.012820513
1000375 0.40384614
1000376 0.40384614
1000378 0.40384614
1000382 0.0064102565
1000388 0.40384614
1000389 0.40384614
1000395 0.40384614
1000397 0.40384614
1000402 0.40384614
1000407 0.40384614
1000409 0.40384614
1000411 0.40384614
1000413 0.0064102565
1000416 0.40384614
1000417 0.0064102565
1000419 0.40384614
1000421 0.40384614
1000426 0.40384614
1000427 0.40384614
1000430 0.40384614
1000435 0.40384614
1000438 0.0064102565
1000440 0.012820513
1000442 0.0064102565
1000445 0
1000447 0.40384614
1000451 0
1000453 0.0064102565
1000457 0.0064102565
1000459 0.40384614
1000463 0
1000465 0.0064102565
1000469 0
1000471 0.025641026
1000475 0.0064102565
1000478 0.012820513
1000482 0.0064102565
1000485 0
1000487 0.0064102565
1000489 0.01923077
1000492 0
1000493 0.0064102565
1000498 0
1000499 0.0064102565
1000140 0
1000161 0
1000167 0
1000169 0
1000172 0
1000173 0
1000175 0
1000176 0
1000179 0
1000181 0
1000189 0
1000190 0
1000222 0
1000246 0
1000264 0
1000276 0
1000330 0
1000351 0
1000357 0
1000359 0
1000362 0
1000363 0
1000365 0
1000366 0
1000369 0
1000371 0
1000379 0
1000380 0
1000412 0
1000436 0
1000454 0
1000466 0
