1000100 0.9875
1000309 0
1000103 0
1000104 0.825
1000108 0.9
1000115 0.0125
1000122 0.0625
1000126 0.0375
1000130 0.8
1000132 0.8125
1000137 0.7875
1000138 0.7875
1000139 0.7875
1000147 0.0125
1000150 0.7875
1000152 0.7875
1000157 0.7875
1000162 0.7875
1000166 0
1000168 0.0125
1000173 0.0125
1000180 0.0125
1000184 0.025
1000187 0.7875
1000188 0.7875
1000190 0.7875
1000194 0.0125
1000200 0.7875
1000201 0.7875
1000207 0.7875
1000209 0.7875
1000214 0.7875
1000219 0.7875
1000221 0.7875
1000223 0.7875
1000225 0.0125
1000228 0.7875
1000229 0.0125
1000231 0.7875
1000233 0.7875
1000238 0.7875
1000239 0.7875
1000242 0.7875
1000247 0.7875
1000250 0.0125
1000252 0.025
1000254 0.0125
1000257 0
1000259 0.7875
1000263 0
1000265 0.0125
1000269 0.0125
1000271 0.7875
1000275 0
1000277 0.0125
1000281 0
1000283 0.05
1000287 0.0125
1000290 0.025
1000294 0.0125
1000297 0
1000299 0.0125
1000301 0.025
1000305 0.0125
1000142 0
1000163 0
1000169 0
1000171 0
1000174 0
1000175 0
1000177 0
1000178 0
1000181 0
1000183 0
1000191 0
1000192 0
1000224 0
1000248 0
1000266 0
1000278 0
