1000100 0.974359
1000210 0
1000105 0.43589744
1000107 0.46153846
1000109 0.4871795
1000110 0.51282054
1000112 0
1000115 0.3846154
1000117 0.41025642
1000119 0.43589744
1000120 0.46153846
1000122 0.025641026
1000124 0.41025642
1000127 0.43589744
1000130 0.025641026
1000133 0
1000137 0.35897437
1000140 0.3846154
1000143 0.102564104
1000146 0
1000151 0.15384616
1000154 0.12820514
1000157 0.12820514
1000160 0.07692308
1000167 0.2820513
1000170 0.30769232
1000173 0.23076923
1000176 0
1000180 0.17948718
1000182 0.20512821
1000185 0.17948718
1000188 0.15384616
1000191 0.15384616
1000194 0.051282052
1000201 0.051282052
1000204 0
1000208 0.025641026
1000195 0
1000198 0
