1000100 0.97727275
1000219 0
1000103 0
1000104 0.79545456
1000108 0.79545456
1000112 0.36363637
1000114 0.38636363
1000118 0.3181818
1000119 0.3409091
1000124 0.27272728
1000126 0.29545453
1000130 0.25
1000135 0.09090909
1000136 0.13636364
1000137 0.022727273
1000140 0.1590909
1000142 0.18181819
1000148 0.022727273
1000150 0.022727273
1000155 0.022727273
1000161 0.36363637
1000163 0.38636363
1000167 0.3181818
1000168 0.3409091
1000173 0.27272728
1000175 0.29545453
1000179 0.25
1000184 0.09090909
1000185 0.13636364
1000186 0.022727273
1000189 0.1590909
1000191 0.18181819
1000197 0.022727273
1000199 0.022727273
1000204 0.022727273
1000207 0.06818182
1000210 0
1000211 0.022727273
1000216 0
1000217 0.022727273
1000141 0
1000151 0
1000190 0
1000200 0
