1000100 0.9836066
1000253 0
1000104 0.8032787
1000107 0.78688526
1000111 0
1000116 0.016393442
1000123 0.04918033
1000127 0.73770493
1000129 0.7704918
1000134 0.72131145
1000135 0.72131145
1000136 0.72131145
1000144 0.016393442
1000147 0.72131145
1000149 0.72131145
1000154 0.72131145
1000159 0.72131145
1000163 0
1000165 0.016393442
1000170 0.016393442
1000176 0.032786883
1000178 0.016393442
1000182 0.032786883
1000185 0.72131145
1000186 0.72131145
1000188 0.72131145
1000192 0.016393442
1000197 0.72131145
1000199 0.72131145
1000201 0.72131145
1000203 0.016393442
1000206 0.72131145
1000207 0.016393442
1000209 0.72131145
1000211 0.72131145
1000216 0.72131145
1000217 0.72131145
1000220 0.72131145
1000226 0
1000229 0
1000231 0
1000233 0.032786883
1000237 0.016393442
1000240 0
1000242 0.016393442
1000244 0
1000246 0.016393442
1000250 0.016393442
1000139 0
1000160 0
1000166 0
1000168 0
1000171 0
1000172 0
1000174 0
1000175 0
1000179 0
1000181 0
1000189 0
1000190 0
1000202 0
