1000100 0.984375
1000268 0
1000104 0.78125
1000107 0.765625
1000111 0.875
1000118 0.015625
1000125 0.046875
1000129 0.703125
1000131 0.75
1000136 0.6875
1000137 0.6875
1000138 0.6875
1000146 0.015625
1000149 0.6875
1000151 0.6875
1000156 0.6875
1000161 0.6875
1000165 0
1000167 0.015625
1000172 0.015625
1000178 0.03125
1000180 0.015625
1000184 0.03125
1000187 0.6875
1000188 0.6875
1000190 0.6875
1000194 0.015625
1000199 0.6875
1000201 0.6875
1000203 0.6875
1000205 0.015625
1000208 0.6875
1000209 0.015625
1000211 0.6875
1000213 0.6875
1000218 0.6875
1000219 0.6875
1000222 0.6875
1000228 0
1000231 0
1000233 0
1000235 0.03125
1000239 0.015625
1000242 0
1000244 0.015625
1000246 0.09375
1000250 0.015625
1000256 0.046875
1000259 0.03125
1000261 0.046875
1000266 0.015625
1000141 0
1000162 0
1000168 0
1000170 0
1000173 0
1000174 0
1000176 0
1000177 0
1000181 0
1000183 0
1000191 0
1000192 0
1000204 0
