1000100 0.969697
1000189 0
1000105 0
1000106 0.72727275
1000110 0.7878788
1000113 0.75757575
1000116 0.75757575
1000121 0.6969697
1000123 0.6969697
1000126 0.6969697
1000127 0.6969697
1000133 0.6969697
1000134 0.6969697
1000135 0.030303031
1000138 0.6969697
1000140 0.6969697
1000146 0.6969697
1000148 0.6969697
1000151 0.6969697
1000152 0.6969697
1000155 0.6969697
1000158 0.060606062
1000163 0.6969697
1000166 0.030303031
1000172 0.030303031
1000174 0.6969697
1000180 0.09090909
1000183 0.060606062
1000186 0.060606062
1000139 0
1000156 0
1000164 0
1000175 0
