1000100 0.9677419
1000183 0
1000103 0.41935483
1000105 0.4516129
1000108 0.09677419
1000112 0.032258064
1000118 0.7741935
1000125 0.09677419
1000127 0.12903225
1000129 0.16129032
1000130 0.19354838
1000132 0.032258064
1000135 0.22580644
1000138 0.19354838
1000141 0.19354838
1000144 0.09677419
1000150 0.32258064
1000151 0.38709676
1000154 0.3548387
1000158 0.06451613
1000164 0.19354838
1000167 0.16129032
1000170 0.16129032
1000173 0.06451613
1000179 0.032258064
1000181 0.032258064
1000115 0
1000128 0
1000145 0
1000159 0
1000174 0
