1000100 0.9736842
1000208 0
1000104 0.4473684
1000106 0.47368422
1000108 0.5
1000109 0.5263158
1000111 0
1000114 0.39473686
1000116 0.42105263
1000118 0.4473684
1000119 0.47368422
1000121 0.02631579
1000123 0.42105263
1000126 0.4473684
1000129 0.02631579
1000132 0
1000136 0.36842105
1000139 0.39473686
1000142 0.10526316
1000145 0
1000150 0
1000153 0.02631579
1000157 0.078947365
1000165 0.28947368
1000168 0.31578946
1000171 0.23684211
1000174 0
1000178 0.18421052
1000180 0.21052632
1000183 0.18421052
1000186 0.15789473
1000189 0.15789473
1000192 0.05263158
1000199 0.05263158
1000202 0
1000206 0.02631579
1000193 0
1000196 0
