1000100 0.98571426
1000301 0
1000104 0.028571429
1000106 0.042857144
1000111 0.014285714
1000117 0.071428575
1000121 0.042857144
1000128 0.67142856
1000129 0.67142856
1000130 0.67142856
1000138 0.014285714
1000141 0.67142856
1000143 0.67142856
1000148 0.67142856
1000153 0.67142856
1000157 0
1000159 0.014285714
1000164 0.014285714
1000171 0.014285714
1000175 0.028571429
1000178 0.67142856
1000179 0.67142856
1000181 0.67142856
1000185 0.014285714
1000191 0.67142856
1000192 0.67142856
1000198 0.67142856
1000200 0.67142856
1000205 0.67142856
1000210 0.67142856
1000212 0.67142856
1000215 0.67142856
1000220 0.67142856
1000221 0.67142856
1000224 0.67142856
1000229 0.028571429
1000231 0.67142856
1000233 0
1000235 0.057142857
1000239 0.014285714
1000242 0.028571429
1000246 0.014285714
1000249 0
1000251 0.014285714
1000252 0.014285714
1000259 0.17142858
1000267 0.028571429
1000270 0.12857144
1000271 0.15714286
1000274 0.14285715
1000278 0.014285714
1000284 0.071428575
1000287 0.057142857
1000290 0.057142857
1000293 0.014285714
1000299 0.014285714
1000133 0
1000154 0
1000160 0
1000162 0
1000165 0
1000166 0
1000168 0
1000169 0
1000172 0
1000174 0
1000182 0
1000183 0
1000279 0
1000294 0
