1000100 0.9705882
1000202 0
1000104 0.05882353
1000106 0.0882353
1000110 0.20588236
1000114 0.14705883
1000115 0.1764706
1000121 0.05882353
1000123 0.0882353
1000127 0.029411765
1000129 0.029411765
1000136 0.38235295
1000144 0.0882353
1000146 0.11764706
1000148 0.14705883
1000149 0.1764706
1000151 0.029411765
1000154 0.20588236
1000157 0.1764706
1000160 0.1764706
1000163 0.0882353
1000169 0.29411766
1000170 0.3529412
1000173 0.32352942
1000177 0.05882353
1000183 0.1764706
1000186 0.14705883
1000189 0.14705883
1000192 0.05882353
1000198 0.029411765
1000200 0.029411765
1000164 0
1000178 0
1000193 0
