1000100 0.984127
1000268 0
1000103 0.1904762
1000105 0.20634921
1000108 0.8730159
1000115 0.015873017
1000121 0.04761905
1000128 0.8095238
1000129 0.8095238
1000130 0.8095238
1000138 0.015873017
1000141 0.8095238
1000143 0.8095238
1000148 0.8095238
1000153 0.8095238
1000157 0
1000159 0.015873017
1000164 0.015873017
1000170 0.031746034
1000172 0.015873017
1000176 0.031746034
1000179 0.8095238
1000180 0.8095238
1000182 0.8095238
1000186 0.015873017
1000191 0.8095238
1000193 0.8095238
1000196 0.8095238
1000201 0.8095238
1000202 0.8095238
1000205 0.8095238
1000210 0.1904762
1000212 0.8095238
1000214 0
1000216 0.031746034
1000220 0.015873017
1000223 0
1000225 0.015873017
1000227 0.20634921
1000234 0.031746034
1000237 0.14285715
1000238 0.17460318
1000241 0.15873016
1000245 0.015873017
1000251 0.07936508
1000254 0.06349207
1000257 0.06349207
1000260 0.015873017
1000266 0.015873017
1000133 0
1000154 0
1000160 0
1000162 0
1000165 0
1000166 0
1000168 0
1000169 0
1000173 0
1000175 0
1000183 0
1000184 0
1000246 0
1000261 0
