1000100 0.9925373
1000468 0
1000104 0.8208955
1000107 0.8134328
1000111 0.8731343
1000116 0.0074626864
1000123 0.03731343
1000127 0.02238806
1000131 0.38059703
1000133 0.41791046
1000138 0.37313432
1000139 0.37313432
1000140 0.37313432
1000148 0.0074626864
1000151 0.37313432
1000153 0.37313432
1000158 0.37313432
1000163 0.37313432
1000167 0
1000169 0.0074626864
1000174 0.0074626864
1000181 0.0074626864
1000185 0.014925373
1000188 0.37313432
1000189 0.37313432
1000191 0.37313432
1000195 0.0074626864
1000201 0.37313432
1000202 0.37313432
1000208 0.37313432
1000210 0.37313432
1000215 0.37313432
1000220 0.37313432
1000222 0.37313432
1000224 0.37313432
1000226 0
1000229 0.37313432
1000230 0.0074626864
1000232 0.37313432
1000234 0.37313432
1000239 0.37313432
1000240 0.37313432
1000243 0.37313432
1000249 0
1000252 0
1000254 0
1000256 0.029850746
1000260 0.0074626864
1000263 0.014925373
1000267 0.0074626864
1000270 0
1000272 0.0074626864
1000278 0.0074626864
1000285 0.03731343
1000289 0.02238806
1000293 0.38059703
1000295 0.41791046
1000300 0.37313432
1000301 0.37313432
1000302 0.37313432
1000310 0.0074626864
1000313 0.37313432
1000315 0.37313432
1000320 0.37313432
1000325 0.37313432
1000329 0
1000331 0.0074626864
1000336 0.0074626864
1000343 0.0074626864
1000347 0.014925373
1000350 0.37313432
1000351 0.37313432
1000353 0.37313432
1000357 0.0074626864
1000363 0.37313432
1000364 0.37313432
1000370 0.37313432
1000372 0.37313432
1000377 0.37313432
1000382 0.37313432
1000384 0.37313432
1000386 0.37313432
1000388 0
1000391 0.37313432
1000392 0.0074626864
1000394 0.37313432
1000396 0.37313432
1000401 0.37313432
1000402 0.37313432
1000405 0.37313432
1000411 0
1000414 0
1000416 0
1000418 0.029850746
1000422 0.0074626864
1000425 0.014925373
1000429 0.0074626864
1000432 0
1000434 0.0074626864
1000436 0.06716418
1000440 0.02238806
1000443 0.014925373
1000445 0.02238806
1000450 0.0074626864
1000456 0.02238806
1000459 0.014925373
1000461 0.02238806
1000466 0.0074626864
1000143 0
1000164 0
1000170 0
1000172 0
1000175 0
1000176 0
1000178 0
1000179 0
1000182 0
1000184 0
1000192 0
1000193 0
1000225 0
1000305 0
1000326 0
1000332 0
1000334 0
1000337 0
1000338 0
1000340 0
1000341 0
1000344 0
1000346 0
1000354 0
1000355 0
1000387 0
