1000100 0.9677419
1000179 0
1000103 0
1000104 0.7741935
1000108 0
1000112 0.7096774
1000114 0.7419355
1000117 0.6451613
1000118 0.67741936
1000124 0.4516129
1000125 0.48387095
1000126 0.032258064
1000129 0.516129
1000131 0.5483871
1000137 0.29032257
1000139 0.32258064
1000142 0.12903225
1000143 0.2580645
1000146 0.16129032
1000149 0.06451613
1000154 0.032258064
1000157 0.032258064
1000163 0.032258064
1000165 0.032258064
1000172 0
1000175 0
1000176 0.032258064
1000130 0
1000147 0
1000155 0
1000166 0
