1000100 0.9864865
1000306 0
1000106 0.8378378
1000109 0.8243243
1000113 0.8243243
1000116 0.8108108
1000119 0.8108108
1000125 0.013513514
1000132 0.8108108
1000136 0.8108108
1000140 0.8108108
1000142 0.8108108
1000147 0.8108108
1000148 0.8108108
1000149 0.8108108
1000157 0.013513514
1000160 0.8108108
1000162 0.8108108
1000167 0.8108108
1000172 0.8108108
1000176 0
1000178 0.013513514
1000183 0.013513514
1000190 0.013513514
1000194 0.027027028
1000197 0.8108108
1000198 0.8108108
1000200 0.8108108
1000204 0.013513514
1000210 0.8108108
1000211 0.8108108
1000217 0.8108108
1000219 0.8108108
1000224 0.8108108
1000229 0.8108108
1000231 0.8108108
1000233 0.8108108
1000235 0.013513514
1000238 0.8108108
1000239 0.013513514
1000241 0.8108108
1000243 0.8108108
1000248 0.8108108
1000249 0.8108108
1000252 0.8108108
1000258 0
1000261 0
1000263 0
1000265 0.8108108
1000269 0.013513514
1000272 0.8108108
1000276 0.013513514
1000279 0
1000281 0.013513514
1000283 0.0945946
1000286 0.08108108
1000289 0.08108108
1000294 0.04054054
1000297 0.027027028
1000299 0.04054054
1000304 0.013513514
1000152 0
1000173 0
1000179 0
1000181 0
1000184 0
1000185 0
1000187 0
1000188 0
1000191 0
1000193 0
1000201 0
1000202 0
1000234 0
