1000100 0.9677419
1000189 0
1000103 0.41935483
1000105 0.4516129
1000108 0
1000111 0.41935483
1000116 0.032258064
1000120 0
1000123 0.032258064
1000130 0.09677419
1000132 0.12903225
1000134 0.16129032
1000135 0.19354838
1000137 0.032258064
1000140 0.22580644
1000143 0.19354838
1000146 0.19354838
1000149 0.09677419
1000155 0.32258064
1000156 0.38709676
1000159 0.3548387
1000163 0.06451613
1000169 0.19354838
1000172 0.16129032
1000175 0.16129032
1000178 0.06451613
1000184 0.032258064
1000186 0.032258064
1000150 0
1000164 0
1000179 0
