1000100 0.9875
1000320 0
1000103 0.1625
1000105 0.175
1000108 0
1000113 0.0125
1000119 0.0625
1000123 0.0375
1000130 0.7375
1000131 0.7375
1000132 0.7375
1000140 0.0125
1000143 0.7375
1000145 0.7375
1000150 0.7375
1000155 0.7375
1000159 0
1000161 0.0125
1000166 0.0125
1000173 0.0125
1000177 0.025
1000180 0.7375
1000181 0.7375
1000183 0.7375
1000187 0.0125
1000193 0.7375
1000194 0.7375
1000200 0.7375
1000202 0.7375
1000207 0.7375
1000212 0.7375
1000214 0.7375
1000217 0.7375
1000222 0.7375
1000223 0.7375
1000226 0.7375
1000231 0.1625
1000233 0.7375
1000235 0
1000237 0.05
1000241 0.0125
1000244 0.025
1000248 0.0125
1000251 0
1000253 0.0125
1000256 0
1000261 0.0375
1000263 0.05
1000265 0.0625
1000266 0.075
1000268 0.0125
1000271 0.0875
1000274 0.075
1000277 0.075
1000280 0.0375
1000286 0.125
1000287 0.15
1000290 0.1375
1000294 0.025
1000300 0.075
1000303 0.0625
1000306 0.0625
1000309 0.025
1000315 0.0125
1000317 0.0125
1000135 0
1000156 0
1000162 0
1000164 0
1000167 0
1000168 0
1000170 0
1000171 0
1000174 0
1000176 0
1000184 0
1000185 0
1000281 0
1000295 0
1000310 0
