1000100 0.984127
1000267 0
1000103 0.22222222
1000105 0.23809524
1000110 0.015873017
1000116 0.04761905
1000123 0.84126985
1000124 0.84126985
1000125 0.84126985
1000133 0.015873017
1000136 0.84126985
1000138 0.84126985
1000143 0.84126985
1000148 0.84126985
1000152 0
1000154 0.015873017
1000159 0.015873017
1000165 0.031746034
1000167 0.015873017
1000171 0.031746034
1000174 0.84126985
1000175 0.84126985
1000177 0.84126985
1000181 0.015873017
1000186 0.84126985
1000188 0.84126985
1000191 0.84126985
1000196 0.84126985
1000197 0.84126985
1000200 0.84126985
1000205 0.22222222
1000207 0.84126985
1000209 0
1000211 0.031746034
1000215 0.015873017
1000218 0
1000220 0.015873017
1000223 0.20634921
1000227 0.1904762
1000233 0.031746034
1000236 0.14285715
1000237 0.17460318
1000240 0.15873016
1000244 0.015873017
1000250 0.07936508
1000253 0.06349207
1000256 0.06349207
1000259 0.015873017
1000265 0.015873017
1000128 0
1000149 0
1000155 0
1000157 0
1000160 0
1000161 0
1000163 0
1000164 0
1000168 0
1000170 0
1000178 0
1000179 0
1000245 0
1000260 0
