1000100 0.9868421
1000308 0
1000104 0.013157895
1000109 0.013157895
1000113 0.013157895
1000115 0.02631579
1000119 0.02631579
1000126 0.013157895
1000132 0.039473683
1000139 0.5394737
1000140 0.5394737
1000141 0.5394737
1000149 0.013157895
1000152 0.5394737
1000154 0.5394737
1000159 0.5394737
1000164 0.5394737
1000168 0
1000170 0.013157895
1000175 0.013157895
1000181 0.02631579
1000183 0.013157895
1000187 0.02631579
1000190 0.5394737
1000191 0.5394737
1000193 0.5394737
1000197 0.013157895
1000202 0.5394737
1000204 0.5394737
1000207 0.5394737
1000212 0.5394737
1000213 0.5394737
1000216 0.5394737
1000221 0.02631579
1000223 0.5394737
1000225 0
1000227 0.02631579
1000231 0.013157895
1000234 0
1000236 0.013157895
1000237 0.013157895
1000243 0.17105263
1000250 0.039473683
1000252 0.05263158
1000254 0.065789476
1000255 0.078947365
1000257 0.013157895
1000260 0.09210526
1000263 0.078947365
1000266 0.078947365
1000269 0.039473683
1000275 0.13157895
1000276 0.15789473
1000279 0.14473684
1000283 0.02631579
1000289 0.078947365
1000292 0.065789476
1000295 0.065789476
1000298 0.02631579
1000304 0.013157895
1000306 0.013157895
1000144 0
1000165 0
1000171 0
1000173 0
1000176 0
1000177 0
1000179 0
1000180 0
1000184 0
1000186 0
1000194 0
1000195 0
1000270 0
1000284 0
1000299 0
