1000100 0.9814815
1000245 0
1000103 0.018518519
1000105 0.037037037
1000108 0.5
1000110 0.46296296
1000115 0.46296296
1000119 0.8703704
1000124 0.055555556
1000126 0.074074075
1000128 0.09259259
1000129 0.11111111
1000131 0.018518519
1000134 0.12962963
1000137 0.11111111
1000140 0.11111111
1000143 0.055555556
1000149 0.18518518
1000150 0.22222222
1000153 0.2037037
1000157 0.037037037
1000163 0.11111111
1000166 0.09259259
1000169 0.09259259
1000172 0.037037037
1000178 0.018518519
1000180 0.018518519
1000187 0.055555556
1000189 0.074074075
1000191 0.09259259
1000192 0.11111111
1000194 0.018518519
1000197 0.12962963
1000200 0.11111111
1000203 0.11111111
1000206 0.055555556
1000212 0.18518518
1000213 0.22222222
1000216 0.2037037
1000220 0.037037037
1000226 0.11111111
1000229 0.09259259
1000232 0.09259259
1000235 0.037037037
1000241 0.018518519
1000243 0.018518519
1000127 0
1000144 0
1000158 0
1000173 0
1000190 0
1000207 0
1000221 0
1000236 0
