1000100 0.9714286
1000193 0
1000105 0
1000106 0.6857143
1000110 0.74285716
1000113 0.71428573
1000116 0.71428573
1000121 0.6571429
1000123 0.6571429
1000126 0.6571429
1000127 0.6571429
1000133 0.6571429
1000134 0.6571429
1000135 0.028571429
1000138 0.6571429
1000140 0.6571429
1000146 0.6571429
1000148 0.6571429
1000151 0.6571429
1000152 0.6571429
1000155 0.6571429
1000158 0.057142857
1000163 0.6571429
1000166 0.028571429
1000172 0.028571429
1000174 0.6571429
1000180 0.114285715
1000183 0.08571429
1000186 0.08571429
1000190 0
1000191 0.028571429
1000139 0
1000156 0
1000164 0
1000175 0
