1000100 0.9705882
1000183 0
1000103 0.029411765
1000107 0.5588235
1000109 0.0882353
1000111 0.11764706
1000113 0.14705883
1000114 0.1764706
1000116 0.029411765
1000118 0.0882353
1000125 0.0882353
1000127 0.11764706
1000129 0.14705883
1000130 0.1764706
1000132 0.029411765
1000134 0.0882353
1000142 0.1764706
1000145 0.20588236
1000148 0.029411765
1000151 0
1000156 0.23529412
1000159 0.20588236
1000162 0.20588236
1000165 0.0882353
1000172 0.0882353
1000175 0
1000179 0.05882353
1000181 0.029411765
1000112 0
1000119 0
1000128 0
1000135 0
1000166 0
1000169 0
