1000100 0.9876543
1000312 0
1000104 0
1000105 0.8271605
1000111 0.012345679
1000118 0.061728396
1000122 0.037037037
1000126 0.80246913
1000128 0.8148148
1000133 0.79012346
1000134 0.79012346
1000135 0.79012346
1000143 0.012345679
1000146 0.79012346
1000148 0.79012346
1000153 0.79012346
1000158 0.79012346
1000162 0
1000164 0.012345679
1000169 0.012345679
1000176 0.012345679
1000180 0.024691358
1000183 0.79012346
1000184 0.79012346
1000186 0.79012346
1000190 0.012345679
1000196 0.79012346
1000197 0.79012346
1000203 0.79012346
1000205 0.79012346
1000210 0.79012346
1000215 0.79012346
1000217 0.79012346
1000219 0.79012346
1000221 0
1000224 0.79012346
1000225 0.012345679
1000227 0.79012346
1000229 0.79012346
1000234 0.79012346
1000235 0.79012346
1000238 0.79012346
1000243 0.79012346
1000246 0.012345679
1000248 0.024691358
1000250 0.012345679
1000253 0
1000255 0.79012346
1000259 0
1000261 0.012345679
1000265 0.012345679
1000267 0.79012346
1000271 0
1000273 0.012345679
1000277 0
1000279 0.049382716
1000283 0.012345679
1000286 0.024691358
1000290 0.012345679
1000293 0
1000295 0.012345679
1000296 0.012345679
1000303 0.012345679
1000309 0
1000310 0.012345679
1000138 0
1000159 0
1000165 0
1000167 0
1000170 0
1000171 0
1000173 0
1000174 0
1000177 0
1000179 0
1000187 0
1000188 0
1000220 0
1000244 0
1000262 0
1000274 0
