1000100 0.9859155
1000298 0
1000103 0.16901408
1000105 0.18309858
1000108 0.87323946
1000113 0.014084507
1000119 0.07042254
1000123 0.04225352
1000130 0.8028169
1000131 0.8028169
1000132 0.8028169
1000140 0.014084507
1000143 0.8028169
1000145 0.8028169
1000150 0.8028169
1000155 0.8028169
1000159 0
1000161 0.014084507
1000166 0.014084507
1000173 0.014084507
1000177 0.028169014
1000180 0.8028169
1000181 0.8028169
1000183 0.8028169
1000187 0.014084507
1000193 0.8028169
1000194 0.8028169
1000200 0.8028169
1000202 0.8028169
1000207 0.8028169
1000212 0.8028169
1000214 0.8028169
1000217 0.8028169
1000222 0.8028169
1000223 0.8028169
1000226 0.8028169
1000231 0.16901408
1000233 0.8028169
1000235 0
1000237 0.056338027
1000241 0.014084507
1000244 0.028169014
1000248 0.014084507
1000251 0
1000253 0.014084507
1000255 0.1971831
1000257 0.014084507
1000264 0.028169014
1000267 0.12676056
1000268 0.15492958
1000271 0.14084508
1000275 0.014084507
1000281 0.07042254
1000284 0.056338027
1000287 0.056338027
1000290 0.014084507
1000296 0.014084507
1000135 0
1000156 0
1000162 0
1000164 0
1000167 0
1000168 0
1000170 0
1000171 0
1000174 0
1000176 0
1000184 0
1000185 0
1000276 0
1000291 0
