1000100 0.98630136
1000314 0
1000104 0.01369863
1000109 0.01369863
1000113 0.01369863
1000115 0.02739726
1000119 0.02739726
1000126 0.01369863
1000132 0.06849315
1000136 0.04109589
1000143 0.6438356
1000144 0.6438356
1000145 0.6438356
1000153 0.01369863
1000156 0.6438356
1000158 0.6438356
1000163 0.6438356
1000168 0.6438356
1000172 0
1000174 0.01369863
1000179 0.01369863
1000186 0.01369863
1000190 0.02739726
1000193 0.6438356
1000194 0.6438356
1000196 0.6438356
1000200 0.01369863
1000206 0.6438356
1000207 0.6438356
1000213 0.6438356
1000215 0.6438356
1000220 0.6438356
1000225 0.6438356
1000227 0.6438356
1000230 0.6438356
1000235 0.6438356
1000236 0.6438356
1000239 0.6438356
1000244 0.02739726
1000246 0.6438356
1000248 0
1000250 0.05479452
1000254 0.01369863
1000257 0.02739726
1000261 0.01369863
1000264 0
1000266 0.01369863
1000267 0.01369863
1000273 0.16438356
1000280 0.02739726
1000283 0.12328767
1000284 0.15068494
1000287 0.1369863
1000291 0.01369863
1000297 0.06849315
1000300 0.05479452
1000303 0.05479452
1000306 0.01369863
1000312 0.01369863
1000148 0
1000169 0
1000175 0
1000177 0
1000180 0
1000181 0
1000183 0
1000184 0
1000187 0
1000189 0
1000197 0
1000198 0
1000292 0
1000307 0
