1000100 0.98214287
1000245 0
1000103 0
1000104 0.83928573
1000108 0.83928573
1000112 0.39285713
1000114 0.4107143
1000117 0.35714287
1000118 0.375
1000124 0.25
1000125 0.26785713
1000126 0.017857144
1000129 0.2857143
1000131 0.30357143
1000137 0.16071428
1000139 0.17857143
1000142 0.071428575
1000143 0.14285715
1000146 0.08928572
1000149 0.035714287
1000154 0.017857144
1000157 0.017857144
1000163 0.017857144
1000165 0.017857144
1000174 0.39285713
1000176 0.4107143
1000179 0.35714287
1000180 0.375
1000186 0.25
1000187 0.26785713
1000188 0.017857144
1000191 0.2857143
1000193 0.30357143
1000199 0.16071428
1000201 0.17857143
1000204 0.071428575
1000205 0.14285715
1000208 0.08928572
1000211 0.035714287
1000216 0.017857144
1000219 0.017857144
1000225 0.017857144
1000227 0.017857144
1000233 0.05357143
1000236 0
1000237 0.017857144
1000242 0
1000243 0.017857144
1000130 0
1000147 0
1000155 0
1000166 0
1000192 0
1000209 0
1000217 0
1000228 0
