1000100 0.9916667
1000419 0
1000103 0.19166666
1000105 0.2
1000108 0.90833336
1000113 0.008333334
1000119 0.025
1000126 0.51666665
1000127 0.51666665
1000128 0.51666665
1000136 0.008333334
1000139 0.51666665
1000141 0.51666665
1000146 0.51666665
1000151 0.51666665
1000155 0
1000157 0.008333334
1000162 0.008333334
1000168 0.016666668
1000170 0.008333334
1000174 0.016666668
1000177 0.51666665
1000178 0.51666665
1000180 0.51666665
1000184 0.008333334
1000189 0.51666665
1000191 0.51666665
1000194 0.51666665
1000199 0.51666665
1000200 0.51666665
1000203 0.51666665
1000208 0.19166666
1000210 0.51666665
1000212 0
1000214 0.016666668
1000218 0.008333334
1000221 0
1000223 0.008333334
1000229 0.008333334
1000235 0.025
1000242 0.51666665
1000243 0.51666665
1000244 0.51666665
1000252 0.008333334
1000255 0.51666665
1000257 0.51666665
1000262 0.51666665
1000267 0.51666665
1000271 0
1000273 0.008333334
1000278 0.008333334
1000284 0.016666668
1000286 0.008333334
1000290 0.016666668
1000293 0.51666665
1000294 0.51666665
1000296 0.51666665
1000300 0.008333334
1000305 0.51666665
1000307 0.51666665
1000310 0.51666665
1000315 0.51666665
1000316 0.51666665
1000319 0.51666665
1000324 0.19166666
1000326 0.51666665
1000328 0
1000330 0.016666668
1000334 0.008333334
1000337 0
1000339 0.008333334
1000341 0.20833333
1000346 0.016666668
1000349 0.075
1000350 0.09166667
1000353 0.083333336
1000357 0.008333334
1000363 0.041666668
1000366 0.033333335
1000369 0.033333335
1000372 0.008333334
1000378 0.008333334
1000385 0.016666668
1000388 0.075
1000389 0.09166667
1000392 0.083333336
1000396 0.008333334
1000402 0.041666668
1000405 0.033333335
1000408 0.033333335
1000411 0.008333334
1000417 0.008333334
1000131 0
1000152 0
1000158 0
1000160 0
1000163 0
1000164 0
1000166 0
1000167 0
1000171 0
1000173 0
1000181 0
1000182 0
1000247 0
1000268 0
1000274 0
1000276 0
1000279 0
1000280 0
1000282 0
1000283 0
1000287 0
1000289 0
1000297 0
1000298 0
1000358 0
1000373 0
1000397 0
1000412 0
