1000100 0.98214287
1000245 0
1000103 0.017857144
1000105 0.035714287
1000108 0.51785713
1000110 0.44642857
1000115 0.44642857
1000119 0.83928573
1000124 0.05357143
1000126 0.071428575
1000128 0.08928572
1000129 0.10714286
1000131 0.017857144
1000134 0.125
1000137 0.10714286
1000140 0.10714286
1000143 0.05357143
1000149 0.17857143
1000150 0.21428572
1000153 0.19642857
1000157 0.035714287
1000163 0.10714286
1000166 0.08928572
1000169 0.08928572
1000172 0.035714287
1000178 0.017857144
1000180 0.017857144
1000187 0.05357143
1000189 0.071428575
1000191 0.08928572
1000192 0.10714286
1000194 0.017857144
1000197 0.125
1000200 0.10714286
1000203 0.10714286
1000206 0.05357143
1000212 0.17857143
1000213 0.21428572
1000216 0.19642857
1000220 0.035714287
1000226 0.10714286
1000229 0.08928572
1000232 0.08928572
1000235 0.035714287
1000241 0.017857144
1000243 0.017857144
1000112 0
1000117 0
1000127 0
1000144 0
1000158 0
1000173 0
1000190 0
1000207 0
1000221 0
1000236 0
