1000100 0.9879518
1000317 0
1000103 0
1000104 0.8072289
1000108 0
1000114 0.012048192
1000121 0.060240965
1000125 0.036144577
1000129 0.78313255
1000131 0.79518074
1000136 0.7710843
1000137 0.7710843
1000138 0.7710843
1000146 0.012048192
1000149 0.7710843
1000151 0.7710843
1000156 0.7710843
1000161 0.7710843
1000165 0
1000167 0.012048192
1000172 0.012048192
1000179 0.012048192
1000183 0.024096385
1000186 0.7710843
1000187 0.7710843
1000189 0.7710843
1000193 0.012048192
1000199 0.7710843
1000200 0.7710843
1000206 0.7710843
1000208 0.7710843
1000213 0.7710843
1000218 0.7710843
1000220 0.7710843
1000222 0.7710843
1000224 0.012048192
1000227 0.7710843
1000228 0.012048192
1000230 0.7710843
1000232 0.7710843
1000237 0.7710843
1000238 0.7710843
1000241 0.7710843
1000246 0.7710843
1000249 0.012048192
1000251 0.024096385
1000253 0.012048192
1000256 0
1000258 0.7710843
1000262 0
1000264 0.012048192
1000268 0.012048192
1000270 0.7710843
1000274 0
1000276 0.012048192
1000280 0
1000282 0.04819277
1000286 0.012048192
1000289 0.024096385
1000293 0.012048192
1000296 0
1000298 0.012048192
1000301 0.012048192
1000305 0
1000309 0
1000310 0.012048192
1000314 0.012048192
1000141 0
1000162 0
1000168 0
1000170 0
1000173 0
1000174 0
1000176 0
1000177 0
1000180 0
1000182 0
1000190 0
1000191 0
1000223 0
1000247 0
1000265 0
1000277 0
