1000100 0.9848485
1000278 0
1000105 0.8484849
1000108 0.8333333
1000114 0.015151516
1000121 0.07575758
1000125 0.045454547
1000129 0.77272725
1000131 0.8181818
1000136 0.75757575
1000137 0.75757575
1000138 0.75757575
1000146 0.015151516
1000149 0.75757575
1000151 0.75757575
1000156 0.75757575
1000161 0.75757575
1000165 0
1000167 0.015151516
1000172 0.015151516
1000179 0.015151516
1000183 0.030303031
1000186 0.75757575
1000187 0.75757575
1000189 0.75757575
1000193 0.015151516
1000199 0.75757575
1000200 0.75757575
1000206 0.75757575
1000208 0.75757575
1000213 0.75757575
1000218 0.75757575
1000220 0.75757575
1000222 0.75757575
1000224 0
1000227 0.75757575
1000228 0.015151516
1000230 0.75757575
1000232 0.75757575
1000237 0.75757575
1000238 0.75757575
1000241 0.75757575
1000247 0
1000250 0
1000252 0
1000254 0.060606062
1000258 0.015151516
1000261 0.030303031
1000265 0.015151516
1000268 0
1000270 0.015151516
1000271 0.030303031
1000276 0.015151516
1000141 0
1000162 0
1000168 0
1000170 0
1000173 0
1000174 0
1000176 0
1000177 0
1000180 0
1000182 0
1000190 0
1000191 0
1000223 0
