1000100 0.9736842
1000212 0
1000104 0.8947368
1000107 0.8684211
1000111 0.8684211
1000115 0.36842105
1000117 0.4473684
1000121 0.31578946
1000122 0.34210527
1000127 0.2631579
1000129 0.28947368
1000133 0.23684211
1000138 0.05263158
1000139 0.10526316
1000140 0
1000143 0.13157895
1000145 0.15789473
1000151 0.02631579
1000153 0.02631579
1000159 0.36842105
1000161 0.4473684
1000165 0.31578946
1000166 0.34210527
1000171 0.2631579
1000173 0.28947368
1000177 0.23684211
1000182 0.05263158
1000183 0.10526316
1000184 0
1000187 0.13157895
1000189 0.15789473
1000195 0.02631579
1000197 0.02631579
1000200 0.078947365
1000202 0.02631579
1000208 0.02631579
1000144 0
1000188 0
