1000100 0.9921875
1000448 0
1000104 0.84375
1000107 0.8359375
1000111 0.8984375
1000116 0.0078125
1000123 0.0390625
1000127 0.0234375
1000131 0.3984375
1000133 0.421875
1000138 0.390625
1000139 0.390625
1000140 0.390625
1000148 0.0078125
1000151 0.390625
1000153 0.390625
1000158 0.390625
1000163 0.390625
1000167 0
1000169 0.0078125
1000174 0.0078125
1000181 0.0078125
1000185 0.015625
1000188 0.390625
1000189 0.390625
1000191 0.390625
1000195 0.0078125
1000201 0.390625
1000202 0.390625
1000208 0.390625
1000210 0.390625
1000215 0.390625
1000220 0.390625
1000222 0.390625
1000224 0.390625
1000226 0
1000229 0.390625
1000230 0.0078125
1000232 0.390625
1000234 0.390625
1000239 0.390625
1000240 0.390625
1000243 0.390625
1000249 0
1000252 0
1000254 0
1000256 0.03125
1000260 0.0078125
1000263 0.015625
1000267 0.0078125
1000270 0
1000272 0.0078125
1000278 0.0078125
1000285 0.0390625
1000289 0.0234375
1000293 0.3984375
1000295 0.421875
1000300 0.390625
1000301 0.390625
1000302 0.390625
1000310 0.0078125
1000313 0.390625
1000315 0.390625
1000320 0.390625
1000325 0.390625
1000329 0
1000331 0.0078125
1000336 0.0078125
1000343 0.0078125
1000347 0.015625
1000350 0.390625
1000351 0.390625
1000353 0.390625
1000357 0.0078125
1000363 0.390625
1000364 0.390625
1000370 0.390625
1000372 0.390625
1000377 0.390625
1000382 0.390625
1000384 0.390625
1000386 0.390625
1000388 0
1000391 0.390625
1000392 0.0078125
1000394 0.390625
1000396 0.390625
1000401 0.390625
1000402 0.390625
1000405 0.390625
1000411 0
1000414 0
1000416 0
1000418 0.03125
1000422 0.0078125
1000425 0.015625
1000429 0.0078125
1000432 0
1000434 0.0078125
1000436 0.0234375
1000438 0.0078125
1000444 0.0078125
1000143 0
1000164 0
1000170 0
1000172 0
1000175 0
1000176 0
1000178 0
1000179 0
1000182 0
1000184 0
1000192 0
1000193 0
1000225 0
1000305 0
1000326 0
1000332 0
1000334 0
1000337 0
1000338 0
1000340 0
1000341 0
1000344 0
1000346 0
1000354 0
1000355 0
1000387 0
