1000100 0.9878049
1000322 0
1000103 0.15853658
1000105 0.17073171
1000108 0.76829267
1000113 0.0121951215
1000119 0.06097561
1000123 0.036585364
1000130 0.70731705
1000131 0.70731705
1000132 0.70731705
1000140 0.0121951215
1000143 0.70731705
1000145 0.70731705
1000150 0.70731705
1000155 0.70731705
1000159 0
1000161 0.0121951215
1000166 0.0121951215
1000173 0.0121951215
1000177 0.024390243
1000180 0.70731705
1000181 0.70731705
1000183 0.70731705
1000187 0.0121951215
1000193 0.70731705
1000194 0.70731705
1000200 0.70731705
1000202 0.70731705
1000207 0.70731705
1000212 0.70731705
1000214 0.70731705
1000217 0.70731705
1000222 0.70731705
1000223 0.70731705
1000226 0.70731705
1000231 0.15853658
1000233 0.70731705
1000235 0
1000237 0.048780486
1000241 0.0121951215
1000244 0.024390243
1000248 0.0121951215
1000251 0
1000253 0.0121951215
1000255 0.30487806
1000257 0.0121951215
1000264 0.036585364
1000266 0.048780486
1000268 0.06097561
1000269 0.07317073
1000271 0.0121951215
1000274 0.085365854
1000277 0.07317073
1000280 0.07317073
1000283 0.036585364
1000289 0.12195122
1000290 0.14634146
1000293 0.13414635
1000297 0.024390243
1000303 0.07317073
1000306 0.06097561
1000309 0.06097561
1000312 0.024390243
1000318 0.0121951215
1000320 0.0121951215
1000135 0
1000156 0
1000162 0
1000164 0
1000167 0
1000168 0
1000170 0
1000171 0
1000174 0
1000176 0
1000184 0
1000185 0
1000267 0
1000284 0
1000298 0
1000313 0
