1000100 0.9736842
1000179 0
1000103 0.36842105
1000107 0.7368421
1000111 0.47368422
1000113 0.5
1000115 0.5263158
1000116 0.55263156
1000118 0.02631579
1000120 0.4473684
1000123 0.47368422
1000126 0.42105263
1000129 0
1000133 0.36842105
1000135 0.39473686
1000139 0.5263158
1000141 0.02631579
1000147 0.28947368
1000149 0.31578946
1000150 0.34210527
1000154 0.13157895
1000156 0.15789473
1000158 0.18421052
1000159 0
1000162 0
1000164 0.10526316
1000167 0.13157895
1000168 0.02631579
1000171 0.02631579
1000173 0.02631579
1000174 0.078947365
1000177 0.02631579
1000114 0
1000127 0
1000136 0
1000151 0
1000157 0
1000175 0
