1000100 0.9677419
1000184 0
1000105 0.032258064
1000107 0.06451613
1000109 0.09677419
1000110 0.12903225
1000112 0
1000115 0.09677419
1000117 0.12903225
1000119 0.16129032
1000120 0.19354838
1000122 0.032258064
1000125 0.22580644
1000128 0.19354838
1000131 0.19354838
1000134 0.06451613
1000137 0.06451613
1000145 0.16129032
1000148 0.19354838
1000151 0.032258064
1000154 0
1000159 0.22580644
1000162 0.19354838
1000165 0.19354838
1000168 0.06451613
1000175 0.06451613
1000178 0
1000182 0.032258064
1000138 0
1000169 0
1000172 0
