1000100 0.9882353
1000334 0
1000105 0.15294118
1000107 0.16470589
1000110 0.7647059
1000113 0.7529412
1000116 0.7529412
1000122 0.011764706
1000128 0.7529412
1000132 0.7529412
1000139 0.7529412
1000140 0.7529412
1000141 0.7529412
1000149 0.011764706
1000152 0.7529412
1000154 0.7529412
1000159 0.7529412
1000164 0.7529412
1000168 0
1000170 0.011764706
1000175 0.011764706
1000182 0.011764706
1000186 0.023529412
1000189 0.7529412
1000190 0.7529412
1000192 0.7529412
1000196 0.011764706
1000202 0.7529412
1000203 0.7529412
1000209 0.7529412
1000211 0.7529412
1000216 0.7529412
1000221 0.7529412
1000223 0.7529412
1000226 0.7529412
1000231 0.7529412
1000232 0.7529412
1000235 0.7529412
1000240 0.15294118
1000242 0.7529412
1000244 0
1000246 0.7529412
1000250 0.011764706
1000253 0.7529412
1000257 0.011764706
1000260 0
1000262 0.011764706
1000264 0.30588236
1000267 0.29411766
1000270 0.29411766
1000276 0.03529412
1000278 0.047058824
1000280 0.05882353
1000281 0.07058824
1000283 0.011764706
1000286 0.08235294
1000289 0.07058824
1000292 0.07058824
1000295 0.03529412
1000301 0.11764706
1000302 0.14117648
1000305 0.14117648
1000309 0.023529412
1000315 0.07058824
1000318 0.05882353
1000321 0.05882353
1000324 0.023529412
1000330 0.011764706
1000332 0.011764706
1000144 0
1000165 0
1000171 0
1000173 0
1000176 0
1000177 0
1000179 0
1000180 0
1000183 0
1000185 0
1000193 0
1000194 0
1000279 0
1000296 0
1000310 0
1000325 0
