1000100 0.98275864
1000264 0
1000104 0.01724138
1000109 0.01724138
1000113 0.01724138
1000115 0.03448276
1000119 0.03448276
1000126 0.01724138
1000132 0.05172414
1000139 0.70689654
1000140 0.70689654
1000141 0.70689654
1000149 0.01724138
1000152 0.70689654
1000154 0.70689654
1000159 0.70689654
1000164 0.70689654
1000168 0
1000170 0.01724138
1000175 0.01724138
1000181 0.03448276
1000183 0.01724138
1000187 0.03448276
1000190 0.70689654
1000191 0.70689654
1000193 0.70689654
1000197 0.01724138
1000202 0.70689654
1000204 0.70689654
1000207 0.70689654
1000212 0.70689654
1000213 0.70689654
1000216 0.70689654
1000221 0.03448276
1000223 0.70689654
1000225 0
1000227 0.03448276
1000231 0.01724138
1000234 0
1000236 0.01724138
1000237 0.01724138
1000243 0.06896552
1000250 0.05172414
1000254 0.05172414
1000258 0.03448276
1000262 0.01724138
1000144 0
1000165 0
1000171 0
1000173 0
1000176 0
1000177 0
1000179 0
1000180 0
1000184 0
1000186 0
1000194 0
1000195 0
