1000100 0.98245615
1000240 0
1000103 0.14035088
1000105 0.15789473
1000108 0
1000113 0.01754386
1000119 0.05263158
1000126 0.8245614
1000127 0.8245614
1000128 0.8245614
1000136 0.01754386
1000139 0.8245614
1000141 0.8245614
1000146 0.8245614
1000151 0.8245614
1000155 0
1000157 0.01754386
1000162 0.01754386
1000168 0.03508772
1000170 0.01754386
1000174 0.03508772
1000177 0.8245614
1000178 0.8245614
1000180 0.8245614
1000184 0.01754386
1000189 0.8245614
1000191 0.8245614
1000194 0.8245614
1000199 0.8245614
1000200 0.8245614
1000203 0.8245614
1000208 0.14035088
1000210 0.8245614
1000212 0
1000214 0.03508772
1000218 0.01754386
1000221 0
1000223 0.01754386
1000225 0.12280702
1000230 0.05263158
1000232 0.07017544
1000234 0.0877193
1000236 0.03508772
1000238 0.01754386
1000131 0
1000152 0
1000158 0
1000160 0
1000163 0
1000164 0
1000166 0
1000167 0
1000171 0
1000173 0
1000181 0
1000182 0
1000233 0
