1000100 0.9677419
1000181 0
1000103 0
1000104 0.83870965
1000111 0.7741935
1000113 0.8064516
1000116 0.7096774
1000117 0.7419355
1000123 0.516129
1000124 0.5483871
1000125 0
1000128 0.58064514
1000130 0.61290324
1000136 0.3548387
1000138 0.38709676
1000141 0.19354838
1000142 0.32258064
1000145 0.22580644
1000148 0.06451613
1000153 0.09677419
1000156 0.032258064
1000162 0.032258064
1000164 0.09677419
1000172 0
1000173 0.06451613
1000175 0.09677419
1000179 0.032258064
1000129 0
1000146 0
1000154 0
1000165 0
