1000100 0.98
1000223 0
1000103 0.04
1000105 0.06
1000110 0.02
1000116 0.06
1000123 0.82
1000124 0.82
1000125 0.82
1000133 0.02
1000136 0.82
1000138 0.82
1000143 0.82
1000148 0.82
1000152 0
1000154 0.02
1000159 0.02
1000165 0.04
1000167 0.02
1000171 0.04
1000174 0.82
1000175 0.82
1000177 0.82
1000181 0.02
1000186 0.82
1000188 0.82
1000191 0.82
1000196 0.82
1000197 0.82
1000200 0.82
1000205 0.04
1000207 0.82
1000209 0
1000211 0.04
1000215 0.02
1000218 0
1000220 0.02
1000221 0.02
1000128 0
1000149 0
1000155 0
1000157 0
1000160 0
1000161 0
1000163 0
1000164 0
1000168 0
1000170 0
1000178 0
1000179 0
