1000100 0.9836066
1000260 0
1000103 0.16393442
1000105 0.18032786
1000108 0.86885244
1000113 0.016393442
1000119 0.04918033
1000126 0.8032787
1000127 0.8032787
1000128 0.8032787
1000136 0.016393442
1000139 0.8032787
1000141 0.8032787
1000146 0.8032787
1000151 0.8032787
1000155 0
1000157 0.016393442
1000162 0.016393442
1000168 0.032786883
1000170 0.016393442
1000174 0.032786883
1000177 0.8032787
1000178 0.8032787
1000180 0.8032787
1000184 0.016393442
1000189 0.8032787
1000191 0.8032787
1000194 0.8032787
1000199 0.8032787
1000200 0.8032787
1000203 0.8032787
1000208 0.16393442
1000210 0.8032787
1000212 0
1000214 0.032786883
1000218 0.016393442
1000221 0
1000223 0.016393442
1000225 0.18032786
1000230 0.032786883
1000233 0.14754099
1000237 0.016393442
1000243 0.08196721
1000246 0.06557377
1000249 0.06557377
1000252 0.016393442
1000258 0.016393442
1000131 0
1000152 0
1000158 0
1000160 0
1000163 0
1000164 0
1000166 0
1000167 0
1000171 0
1000173 0
1000181 0
1000182 0
1000238 0
1000253 0
