1000100 0.9868421
1000312 0
1000103 0.14473684
1000105 0.15789473
1000112 0.013157895
1000118 0.065789476
1000122 0.039473683
1000129 0.7368421
1000130 0.7368421
1000131 0.7368421
1000139 0.013157895
1000142 0.7368421
1000144 0.7368421
1000149 0.7368421
1000154 0.7368421
1000158 0
1000160 0.013157895
1000165 0.013157895
1000172 0.013157895
1000176 0.02631579
1000179 0.7368421
1000180 0.7368421
1000182 0.7368421
1000186 0.013157895
1000192 0.7368421
1000193 0.7368421
1000199 0.7368421
1000201 0.7368421
1000206 0.7368421
1000211 0.7368421
1000213 0.7368421
1000216 0.7368421
1000221 0.7368421
1000222 0.7368421
1000225 0.7368421
1000230 0.14473684
1000232 0.7368421
1000234 0
1000236 0.05263158
1000240 0.013157895
1000243 0.02631579
1000247 0.013157895
1000250 0
1000252 0.013157895
1000258 0.039473683
1000260 0.05263158
1000262 0.065789476
1000263 0.078947365
1000265 0.013157895
1000268 0.09210526
1000271 0.078947365
1000274 0.078947365
1000277 0.039473683
1000283 0.13157895
1000287 0.02631579
1000293 0.078947365
1000296 0.065789476
1000299 0.065789476
1000302 0.02631579
1000308 0.013157895
1000310 0.013157895
1000134 0
1000155 0
1000161 0
1000163 0
1000166 0
1000167 0
1000169 0
1000170 0
1000173 0
1000175 0
1000183 0
1000184 0
1000278 0
1000288 0
1000303 0
