1000100 0.98275864
1000249 0
1000104 0.82758623
1000107 0.8103448
1000115 0.01724138
1000122 0.05172414
1000126 0.7758621
1000128 0.79310346
1000133 0.7586207
1000134 0.7586207
1000135 0.7586207
1000143 0.01724138
1000146 0.7586207
1000148 0.7586207
1000153 0.7586207
1000158 0.7586207
1000162 0
1000164 0.01724138
1000169 0.01724138
1000175 0.03448276
1000177 0.01724138
1000181 0.03448276
1000184 0.7586207
1000185 0.7586207
1000187 0.7586207
1000191 0.01724138
1000196 0.7586207
1000198 0.7586207
1000200 0.7586207
1000202 0.01724138
1000205 0.7586207
1000206 0.01724138
1000208 0.7586207
1000210 0.7586207
1000215 0.7586207
1000216 0.7586207
1000219 0.7586207
1000225 0
1000228 0
1000230 0
1000232 0.03448276
1000236 0.01724138
1000239 0
1000241 0.01724138
1000242 0.01724138
1000138 0
1000159 0
1000165 0
1000167 0
1000170 0
1000171 0
1000173 0
1000174 0
1000178 0
1000180 0
1000188 0
1000189 0
1000201 0
