1000100 0.9677419
1000192 0
1000105 0.9032258
1000108 0.87096775
1000113 0.8064516
1000115 0.83870965
1000118 0.7419355
1000119 0.7741935
1000125 0.5483871
1000126 0.58064514
1000127 0
1000130 0.61290324
1000132 0.6451613
1000138 0.32258064
1000140 0.3548387
1000143 0.16129032
1000144 0.29032257
1000147 0.19354838
1000150 0.06451613
1000155 0.06451613
1000158 0.032258064
1000164 0.032258064
1000166 0.06451613
1000171 0.032258064
1000178 0.032258064
1000186 0.06451613
1000190 0.032258064
1000131 0
1000148 0
1000156 0
1000167 0
