1000100 0.98550725
1000289 0
1000104 0.8405797
1000107 0.82608694
1000111 0.884058
1000118 0.014492754
1000125 0.072463766
1000129 0.04347826
1000133 0.76811594
1000135 0.8115942
1000140 0.7536232
1000141 0.7536232
1000142 0.7536232
1000150 0.014492754
1000153 0.7536232
1000155 0.7536232
1000160 0.7536232
1000165 0.7536232
1000169 0
1000171 0.014492754
1000176 0.014492754
1000183 0.014492754
1000187 0.028985508
1000190 0.7536232
1000191 0.7536232
1000193 0.7536232
1000197 0.014492754
1000203 0.7536232
1000204 0.7536232
1000210 0.7536232
1000212 0.7536232
1000217 0.7536232
1000222 0.7536232
1000224 0.7536232
1000226 0.7536232
1000228 0
1000231 0.7536232
1000232 0.014492754
1000234 0.7536232
1000236 0.7536232
1000241 0.7536232
1000242 0.7536232
1000245 0.7536232
1000251 0
1000254 0
1000256 0
1000258 0.057971016
1000262 0.014492754
1000265 0.028985508
1000269 0.014492754
1000272 0
1000274 0.014492754
1000277 0.04347826
1000279 0.057971016
1000283 0.028985508
1000287 0.014492754
1000145 0
1000166 0
1000172 0
1000174 0
1000177 0
1000178 0
1000180 0
1000181 0
1000184 0
1000186 0
1000194 0
1000195 0
1000227 0
