1000100 0.98734176
1000314 0
1000103 0.1392405
1000105 0.15189873
1000108 0.7721519
1000113 0.012658228
1000119 0.06329114
1000123 0.03797468
1000130 0.70886075
1000131 0.70886075
1000132 0.70886075
1000140 0.012658228
1000143 0.70886075
1000145 0.70886075
1000150 0.70886075
1000155 0.70886075
1000159 0
1000161 0.012658228
1000166 0.012658228
1000173 0.012658228
1000177 0.025316456
1000180 0.70886075
1000181 0.70886075
1000183 0.70886075
1000187 0.012658228
1000193 0.70886075
1000194 0.70886075
1000200 0.70886075
1000202 0.70886075
1000207 0.70886075
1000212 0.70886075
1000214 0.70886075
1000217 0.70886075
1000222 0.70886075
1000223 0.70886075
1000226 0.70886075
1000231 0.1392405
1000233 0.70886075
1000235 0
1000237 0.050632913
1000241 0.012658228
1000244 0.025316456
1000248 0.012658228
1000251 0
1000253 0.012658228
1000255 0.278481
1000260 0.03797468
1000262 0.050632913
1000264 0.06329114
1000265 0.07594936
1000267 0.012658228
1000270 0.088607594
1000273 0.07594936
1000276 0.07594936
1000279 0.03797468
1000285 0.12658228
1000289 0.025316456
1000295 0.07594936
1000298 0.06329114
1000301 0.06329114
1000304 0.025316456
1000310 0.012658228
1000312 0.012658228
1000135 0
1000156 0
1000162 0
1000164 0
1000167 0
1000168 0
1000170 0
1000171 0
1000174 0
1000176 0
1000184 0
1000185 0
1000263 0
1000280 0
1000290 0
1000305 0
