1000100 0.969697
1000189 0
1000105 0.33333334
1000107 0.36363637
1000110 0.45454547
1000113 0.42424244
1000116 0.42424244
1000119 0.33333334
1000123 0.72727275
1000126 0.6969697
1000129 0.6969697
1000135 0.09090909
1000137 0.121212125
1000139 0.15151516
1000140 0.18181819
1000142 0.030303031
1000145 0.21212122
1000148 0.18181819
1000151 0.18181819
1000154 0.09090909
1000160 0.3030303
1000164 0.060606062
1000170 0.18181819
1000173 0.15151516
1000176 0.15151516
1000179 0.060606062
1000185 0.030303031
1000187 0.030303031
1000121 0
1000138 0
1000155 0
1000165 0
1000180 0
