1000100 0.9714286
1000191 0
1000103 0
1000104 0.74285716
1000108 0.74285716
1000112 0.6857143
1000114 0.71428573
1000117 0.62857145
1000118 0.6571429
1000124 0.45714286
1000125 0.4857143
1000126 0.028571429
1000129 0.51428574
1000131 0.54285717
1000137 0.31428573
1000139 0.34285715
1000142 0.17142858
1000143 0.2857143
1000146 0.2
1000149 0.057142857
1000154 0.08571429
1000157 0.028571429
1000163 0.028571429
1000165 0.08571429
1000173 0.14285715
1000176 0
1000177 0.057142857
1000179 0.08571429
1000183 0.028571429
1000188 0
1000189 0.028571429
1000130 0
1000147 0
1000155 0
1000166 0
