1000100 0.9876543
1000309 0
1000103 0
1000104 0.83950615
1000112 0.012345679
1000119 0.061728396
1000123 0.037037037
1000127 0.8148148
1000129 0.8271605
1000134 0.80246913
1000135 0.80246913
1000136 0.80246913
1000144 0.012345679
1000147 0.80246913
1000149 0.80246913
1000154 0.80246913
1000159 0.80246913
1000163 0
1000165 0.012345679
1000170 0.012345679
1000177 0.012345679
1000181 0.024691358
1000184 0.80246913
1000185 0.80246913
1000187 0.80246913
1000191 0.012345679
1000197 0.80246913
1000198 0.80246913
1000204 0.80246913
1000206 0.80246913
1000211 0.80246913
1000216 0.80246913
1000218 0.80246913
1000220 0.80246913
1000222 0
1000225 0.80246913
1000226 0.012345679
1000228 0.80246913
1000230 0.80246913
1000235 0.80246913
1000236 0.80246913
1000239 0.80246913
1000244 0.80246913
1000247 0.012345679
1000249 0.024691358
1000251 0.012345679
1000254 0
1000256 0.80246913
1000260 0
1000262 0.012345679
1000266 0.012345679
1000268 0.80246913
1000272 0
1000274 0.012345679
1000278 0
1000280 0.049382716
1000284 0.012345679
1000287 0.024691358
1000291 0.012345679
1000294 0
1000296 0.012345679
1000300 0
1000301 0.024691358
1000303 0.037037037
1000307 0.012345679
1000139 0
1000160 0
1000166 0
1000168 0
1000171 0
1000172 0
1000174 0
1000175 0
1000178 0
1000180 0
1000188 0
1000189 0
1000221 0
1000245 0
1000263 0
1000275 0
