1000100 0.984127
1000263 0
1000104 0.84126985
1000107 0.82539684
1000111 0
1000117 0.015873017
1000124 0.04761905
1000128 0.73015875
1000130 0.8095238
1000135 0.71428573
1000136 0.71428573
1000137 0.71428573
1000145 0.015873017
1000148 0.71428573
1000150 0.71428573
1000155 0.71428573
1000160 0.71428573
1000164 0
1000166 0.015873017
1000171 0.015873017
1000177 0.031746034
1000179 0.015873017
1000183 0.031746034
1000186 0.71428573
1000187 0.71428573
1000189 0.71428573
1000193 0.015873017
1000198 0.71428573
1000200 0.71428573
1000202 0.71428573
1000204 0
1000207 0.71428573
1000208 0.015873017
1000210 0.71428573
1000212 0.71428573
1000217 0.71428573
1000218 0.71428573
1000221 0.71428573
1000227 0
1000230 0
1000232 0
1000234 0.031746034
1000238 0.015873017
1000241 0
1000243 0.015873017
1000246 0.015873017
1000251 0.04761905
1000253 0.06349207
1000257 0.031746034
1000261 0.015873017
1000140 0
1000161 0
1000167 0
1000169 0
1000172 0
1000173 0
1000175 0
1000176 0
1000180 0
1000182 0
1000190 0
1000191 0
1000203 0
