1000100 0.9836066
1000262 0
1000103 0.16393442
1000105 0.18032786
1000108 0
1000113 0.016393442
1000119 0.04918033
1000126 0.8196721
1000127 0.8196721
1000128 0.8196721
1000136 0.016393442
1000139 0.8196721
1000141 0.8196721
1000146 0.8196721
1000151 0.8196721
1000155 0
1000157 0.016393442
1000162 0.016393442
1000168 0.032786883
1000170 0.016393442
1000174 0.032786883
1000177 0.8196721
1000178 0.8196721
1000180 0.8196721
1000184 0.016393442
1000189 0.8196721
1000191 0.8196721
1000194 0.8196721
1000199 0.8196721
1000200 0.8196721
1000203 0.8196721
1000208 0.16393442
1000210 0.8196721
1000212 0
1000214 0.032786883
1000218 0.016393442
1000221 0
1000223 0.016393442
1000226 0
1000231 0.032786883
1000234 0.14754099
1000238 0.016393442
1000244 0.08196721
1000247 0.06557377
1000250 0.06557377
1000253 0.016393442
1000259 0.016393442
1000131 0
1000152 0
1000158 0
1000160 0
1000163 0
1000164 0
1000166 0
1000167 0
1000171 0
1000173 0
1000181 0
1000182 0
1000239 0
1000254 0
