1000100 0.9848485
1000288 0
1000103 0.15151516
1000105 0.16666667
1000112 0.015151516
1000118 0.07575758
1000122 0.045454547
1000129 0.8333333
1000130 0.8333333
1000131 0.8333333
1000139 0.015151516
1000142 0.8333333
1000144 0.8333333
1000149 0.8333333
1000154 0.8333333
1000158 0
1000160 0.015151516
1000165 0.015151516
1000172 0.015151516
1000176 0.030303031
1000179 0.8333333
1000180 0.8333333
1000182 0.8333333
1000186 0.015151516
1000192 0.8333333
1000193 0.8333333
1000199 0.8333333
1000201 0.8333333
1000206 0.8333333
1000211 0.8333333
1000213 0.8333333
1000216 0.8333333
1000221 0.8333333
1000222 0.8333333
1000225 0.8333333
1000230 0.15151516
1000232 0.8333333
1000234 0
1000236 0.060606062
1000240 0.015151516
1000243 0.030303031
1000247 0.015151516
1000250 0
1000252 0.015151516
1000258 0.030303031
1000261 0.13636364
1000265 0.015151516
1000271 0.07575758
1000274 0.060606062
1000277 0.060606062
1000280 0.015151516
1000286 0.015151516
1000134 0
1000155 0
1000161 0
1000163 0
1000166 0
1000167 0
1000169 0
1000170 0
1000173 0
1000175 0
1000183 0
1000184 0
1000266 0
1000281 0
