1000100 0.98039216
1000227 0
1000104 0.019607844
1000107 0.039215688
1000109 0.05882353
1000114 0.019607844
1000120 0.05882353
1000127 0.8039216
1000128 0.8039216
1000129 0.8039216
1000137 0.019607844
1000140 0.8039216
1000142 0.8039216
1000147 0.8039216
1000152 0.8039216
1000156 0
1000158 0.019607844
1000163 0.019607844
1000169 0.039215688
1000171 0.019607844
1000175 0.039215688
1000178 0.8039216
1000179 0.8039216
1000181 0.8039216
1000185 0.019607844
1000190 0.8039216
1000192 0.8039216
1000195 0.8039216
1000200 0.8039216
1000201 0.8039216
1000204 0.8039216
1000209 0.039215688
1000211 0.8039216
1000213 0
1000215 0.039215688
1000219 0.019607844
1000222 0
1000224 0.019607844
1000225 0.019607844
1000132 0
1000153 0
1000159 0
1000161 0
1000164 0
1000165 0
1000167 0
1000168 0
1000172 0
1000174 0
1000182 0
1000183 0
