1000100 0.98333335
1000249 0
1000104 0.81666666
1000107 0.8
1000111 0
1000116 0.016666668
1000123 0.05
1000127 0.75
1000129 0.78333336
1000134 0.73333335
1000135 0.73333335
1000136 0.73333335
1000144 0.016666668
1000147 0.73333335
1000149 0.73333335
1000154 0.73333335
1000159 0.73333335
1000163 0
1000165 0.016666668
1000170 0.016666668
1000176 0.033333335
1000178 0.016666668
1000182 0.033333335
1000185 0.73333335
1000186 0.73333335
1000188 0.73333335
1000192 0.016666668
1000197 0.73333335
1000199 0.73333335
1000201 0.73333335
1000203 0.016666668
1000206 0.73333335
1000207 0.016666668
1000209 0.73333335
1000211 0.73333335
1000216 0.73333335
1000217 0.73333335
1000220 0.73333335
1000226 0
1000229 0
1000231 0
1000233 0.033333335
1000237 0.016666668
1000240 0
1000242 0.016666668
1000244 0
1000246 0.016666668
1000139 0
1000160 0
1000166 0
1000168 0
1000171 0
1000172 0
1000174 0
1000175 0
1000179 0
1000181 0
1000189 0
1000190 0
1000202 0
