1000100 0.9677419
1000183 0
1000103 0
1000104 0.83870965
1000108 0.83870965
1000112 0.7741935
1000114 0.8064516
1000117 0.7096774
1000118 0.7419355
1000124 0.516129
1000125 0.5483871
1000126 0
1000129 0.58064514
1000131 0.61290324
1000137 0.3548387
1000139 0.38709676
1000142 0.19354838
1000143 0.32258064
1000146 0.22580644
1000149 0.06451613
1000154 0.09677419
1000157 0.032258064
1000163 0.032258064
1000165 0.09677419
1000173 0.09677419
1000175 0.032258064
1000180 0.032258064
1000130 0
1000147 0
1000155 0
1000166 0
