1000100 0.98275864
1000246 0
1000103 0.1724138
1000105 0.18965517
1000110 0.01724138
1000116 0.05172414
1000123 0.8448276
1000124 0.8448276
1000125 0.8448276
1000133 0.01724138
1000136 0.8448276
1000138 0.8448276
1000143 0.8448276
1000148 0.8448276
1000152 0
1000154 0.01724138
1000159 0.01724138
1000165 0.03448276
1000167 0.01724138
1000171 0.03448276
1000174 0.8448276
1000175 0.8448276
1000177 0.8448276
1000181 0.01724138
1000186 0.8448276
1000188 0.8448276
1000191 0.8448276
1000196 0.8448276
1000197 0.8448276
1000200 0.8448276
1000205 0.1724138
1000207 0.8448276
1000209 0
1000211 0.03448276
1000215 0.01724138
1000218 0
1000220 0.01724138
1000223 0.15517241
1000227 0.13793103
1000231 0.12068965
1000236 0.05172414
1000238 0.06896552
1000240 0.0862069
1000242 0.03448276
1000244 0.01724138
1000128 0
1000149 0
1000155 0
1000157 0
1000160 0
1000161 0
1000163 0
1000164 0
1000168 0
1000170 0
1000178 0
1000179 0
1000239 0
