1000100 0.9836066
1000250 0
1000104 0.852459
1000107 0.8360656
1000113 0.016393442
1000120 0.04918033
1000124 0.73770493
1000126 0.8196721
1000131 0.72131145
1000132 0.72131145
1000133 0.72131145
1000141 0.016393442
1000144 0.72131145
1000146 0.72131145
1000151 0.72131145
1000156 0.72131145
1000160 0
1000162 0.016393442
1000167 0.016393442
1000173 0.032786883
1000175 0.016393442
1000179 0.032786883
1000182 0.72131145
1000183 0.72131145
1000185 0.72131145
1000189 0.016393442
1000194 0.72131145
1000196 0.72131145
1000198 0.72131145
1000200 0
1000203 0.72131145
1000204 0.016393442
1000206 0.72131145
1000208 0.72131145
1000213 0.72131145
1000214 0.72131145
1000217 0.72131145
1000223 0
1000226 0
1000228 0
1000230 0.032786883
1000234 0.016393442
1000237 0
1000239 0.016393442
1000241 0.04918033
1000242 0.06557377
1000246 0.016393442
1000248 0.016393442
1000136 0
1000157 0
1000163 0
1000165 0
1000168 0
1000169 0
1000171 0
1000172 0
1000176 0
1000178 0
1000186 0
1000187 0
1000199 0
