1000100 0.9818182
1000247 0
1000103 0.10909091
1000105 0.12727273
1000110 0.018181818
1000116 0.054545455
1000123 0.8181818
1000124 0.8181818
1000125 0.8181818
1000133 0.018181818
1000136 0.8181818
1000138 0.8181818
1000143 0.8181818
1000148 0.8181818
1000152 0
1000154 0.018181818
1000159 0.018181818
1000165 0.036363635
1000167 0.018181818
1000171 0.036363635
1000174 0.8181818
1000175 0.8181818
1000177 0.8181818
1000181 0.018181818
1000186 0.8181818
1000188 0.8181818
1000191 0.8181818
1000196 0.8181818
1000197 0.8181818
1000200 0.8181818
1000205 0.10909091
1000207 0.8181818
1000209 0
1000211 0.036363635
1000215 0.018181818
1000218 0
1000220 0.018181818
1000223 0.09090909
1000227 0.07272727
1000233 0.054545455
1000237 0.054545455
1000241 0.036363635
1000245 0.018181818
1000128 0
1000149 0
1000155 0
1000157 0
1000160 0
1000161 0
1000163 0
1000164 0
1000168 0
1000170 0
1000178 0
1000179 0
