1000100 0.9868421
1000308 0
1000103 0.14473684
1000105 0.15789473
1000110 0.013157895
1000116 0.065789476
1000120 0.039473683
1000127 0.7368421
1000128 0.7368421
1000129 0.7368421
1000137 0.013157895
1000140 0.7368421
1000142 0.7368421
1000147 0.7368421
1000152 0.7368421
1000156 0
1000158 0.013157895
1000163 0.013157895
1000170 0.013157895
1000174 0.02631579
1000177 0.7368421
1000178 0.7368421
1000180 0.7368421
1000184 0.013157895
1000190 0.7368421
1000191 0.7368421
1000197 0.7368421
1000199 0.7368421
1000204 0.7368421
1000209 0.7368421
1000211 0.7368421
1000214 0.7368421
1000219 0.7368421
1000220 0.7368421
1000223 0.7368421
1000228 0.14473684
1000230 0.7368421
1000232 0
1000234 0.05263158
1000238 0.013157895
1000241 0.02631579
1000245 0.013157895
1000248 0
1000250 0.013157895
1000254 0.039473683
1000256 0.05263158
1000258 0.065789476
1000259 0.078947365
1000261 0.013157895
1000264 0.09210526
1000267 0.078947365
1000270 0.078947365
1000273 0.039473683
1000279 0.13157895
1000283 0.02631579
1000289 0.078947365
1000292 0.065789476
1000295 0.065789476
1000298 0.02631579
1000304 0.013157895
1000306 0.013157895
1000132 0
1000153 0
1000159 0
1000161 0
1000164 0
1000165 0
1000167 0
1000168 0
1000171 0
1000173 0
1000181 0
1000182 0
1000274 0
1000284 0
1000299 0
