1000100 0.9830508
1000252 0
1000104 0.8135593
1000107 0.7966102
1000111 0.84745765
1000118 0.016949153
1000125 0.050847456
1000129 0.7627119
1000131 0.779661
1000136 0.7457627
1000137 0.7457627
1000138 0.7457627
1000146 0.016949153
1000149 0.7457627
1000151 0.7457627
1000156 0.7457627
1000161 0.7457627
1000165 0
1000167 0.016949153
1000172 0.016949153
1000178 0.033898305
1000180 0.016949153
1000184 0.033898305
1000187 0.7457627
1000188 0.7457627
1000190 0.7457627
1000194 0.016949153
1000199 0.7457627
1000201 0.7457627
1000203 0.7457627
1000205 0.016949153
1000208 0.7457627
1000209 0.016949153
1000211 0.7457627
1000213 0.7457627
1000218 0.7457627
1000219 0.7457627
1000222 0.7457627
1000228 0
1000231 0
1000233 0
1000235 0.033898305
1000239 0.016949153
1000242 0
1000244 0.016949153
1000245 0.016949153
1000141 0
1000162 0
1000168 0
1000170 0
1000173 0
1000174 0
1000176 0
1000177 0
1000181 0
1000183 0
1000191 0
1000192 0
1000204 0
