1000100 0.9722222
1000201 0
1000104 0.4722222
1000106 0.5
1000108 0.5277778
1000109 0.5555556
1000111 0
1000114 0.3888889
1000116 0.41666666
1000118 0.44444445
1000119 0.4722222
1000121 0.027777778
1000123 0.44444445
1000126 0.4722222
1000129 0.11111111
1000132 0
1000136 0.3611111
1000139 0.3888889
1000142 0.027777778
1000145 0
1000151 0.083333336
1000158 0.30555555
1000161 0.33333334
1000164 0.25
1000167 0
1000171 0.19444445
1000173 0.22222222
1000176 0.19444445
1000179 0.16666667
1000182 0.16666667
1000185 0.055555556
1000192 0.055555556
1000195 0
1000199 0.027777778
1000186 0
1000189 0
