1000100 0.98630136
1000281 0
1000103 0
1000104 0.84931505
1000110 0.01369863
1000117 0.04109589
1000121 0.82191783
1000123 0.8356164
1000128 0.8082192
1000129 0.8082192
1000130 0.8082192
1000138 0.01369863
1000141 0.8082192
1000143 0.8082192
1000148 0.8082192
1000153 0.8082192
1000157 0
1000159 0.01369863
1000164 0.01369863
1000170 0.02739726
1000172 0.01369863
1000176 0.02739726
1000179 0.8082192
1000180 0.8082192
1000182 0.8082192
1000186 0.01369863
1000191 0.8082192
1000193 0.8082192
1000195 0.8082192
1000197 0
1000200 0.8082192
1000201 0.01369863
1000203 0.8082192
1000205 0.8082192
1000210 0.8082192
1000211 0.8082192
1000214 0.8082192
1000219 0.8082192
1000222 0.01369863
1000224 0.02739726
1000226 0.01369863
1000229 0
1000231 0.8082192
1000235 0
1000237 0.01369863
1000241 0.01369863
1000243 0.8082192
1000247 0
1000249 0.01369863
1000253 0
1000255 0.02739726
1000259 0.01369863
1000262 0
1000264 0.01369863
1000267 0.02739726
1000271 0.01369863
1000274 0.01369863
1000133 0
1000154 0
1000160 0
1000162 0
1000165 0
1000166 0
1000168 0
1000169 0
1000173 0
1000175 0
1000183 0
1000184 0
1000196 0
1000220 0
1000238 0
1000250 0
