1000100 0.98507464
1000278 0
1000104 0.8208955
1000107 0.80597013
1000111 0
1000116 0.014925373
1000123 0.07462686
1000127 0.04477612
1000131 0.76119405
1000133 0.7910448
1000138 0.74626863
1000139 0.74626863
1000140 0.74626863
1000148 0.014925373
1000151 0.74626863
1000153 0.74626863
1000158 0.74626863
1000163 0.74626863
1000167 0
1000169 0.014925373
1000174 0.014925373
1000181 0.014925373
1000185 0.029850746
1000188 0.74626863
1000189 0.74626863
1000191 0.74626863
1000195 0.014925373
1000201 0.74626863
1000202 0.74626863
1000208 0.74626863
1000210 0.74626863
1000215 0.74626863
1000220 0.74626863
1000222 0.74626863
1000224 0.74626863
1000226 0.014925373
1000229 0.74626863
1000230 0.014925373
1000232 0.74626863
1000234 0.74626863
1000239 0.74626863
1000240 0.74626863
1000243 0.74626863
1000249 0
1000252 0
1000254 0
1000256 0.05970149
1000260 0.014925373
1000263 0.029850746
1000267 0.014925373
1000270 0
1000272 0.014925373
1000274 0
1000276 0.014925373
1000143 0
1000164 0
1000170 0
1000172 0
1000175 0
1000176 0
1000178 0
1000179 0
1000182 0
1000184 0
1000192 0
1000193 0
1000225 0
