1000100 0.9714286
1000211 0
1000104 0.028571429
1000109 0.028571429
1000113 0.028571429
1000115 0.057142857
1000119 0.057142857
1000125 0.2
1000129 0.14285715
1000130 0.17142858
1000136 0.057142857
1000138 0.08571429
1000142 0.028571429
1000144 0.028571429
1000150 0.31428573
1000157 0.08571429
1000159 0.114285715
1000161 0.14285715
1000162 0.17142858
1000164 0.028571429
1000167 0.2
1000170 0.17142858
1000173 0.17142858
1000176 0.08571429
1000182 0.2857143
1000186 0.057142857
1000192 0.17142858
1000195 0.14285715
1000198 0.14285715
1000201 0.057142857
1000207 0.028571429
1000209 0.028571429
1000177 0
1000187 0
1000202 0
