1000100 0.9649123
1000254 0
1000103 0.01754386
1000105 0.03508772
1000110 0.01754386
1000116 0.0877193
1000120 0.05263158
1000127 0.80701756
1000128 0.80701756
1000129 0.80701756
1000137 0.01754386
1000140 0.80701756
1000142 0.80701756
1000147 0.80701756
1000152 0.80701756
1000156 0
1000158 0.01754386
1000163 0.01754386
1000170 0.01754386
1000174 0.03508772
1000177 0.80701756
1000178 0.80701756
1000180 0.80701756
1000184 0.01754386
1000190 0.80701756
1000191 0.80701756
1000197 0.80701756
1000199 0.80701756
1000204 0.80701756
1000209 0.80701756
1000211 0.80701756
1000214 0.80701756
1000219 0.80701756
1000220 0.80701756
1000223 0.80701756
1000228 0.01754386
1000230 0.80701756
1000232 0
1000234 0.07017544
1000238 0.01754386
1000241 0.03508772
1000245 0.01754386
1000248 0
1000250 0.01754386
1000251 0.01754386
1000132 0
1000153 0
1000159 0
1000161 0
1000164 0
1000165 0
1000167 0
1000168 0
1000171 0
1000173 0
1000181 0
1000182 0
