1000100 0.9677419
1000195 0
1000103 0.67741936
1000105 0.7096774
1000108 0.7741935
1000110 0.032258064
1000117 0.67741936
1000121 0.7419355
1000126 0.06451613
1000129 0.29032257
1000133 0.032258064
1000139 0.16129032
1000142 0.12903225
1000145 0.12903225
1000148 0.032258064
1000154 0.032258064
1000161 0.06451613
1000164 0.29032257
1000165 0.3548387
1000168 0.32258064
1000172 0.032258064
1000178 0.16129032
1000181 0.12903225
1000184 0.12903225
1000187 0.032258064
1000193 0.032258064
1000113 0
1000134 0
1000149 0
1000173 0
1000188 0
