1000100 0.98245615
1000259 0
1000103 0.40350878
1000105 0.42105263
1000108 0.5263158
1000112 0.49122807
1000116 0.45614034
1000117 0.47368422
1000123 0.40350878
1000125 0.42105263
1000129 0.01754386
1000133 0.40350878
1000137 0.7894737
1000142 0.05263158
1000144 0.07017544
1000146 0.0877193
1000147 0.10526316
1000149 0.01754386
1000152 0.12280702
1000155 0.10526316
1000158 0.10526316
1000161 0.05263158
1000167 0.1754386
1000171 0.03508772
1000177 0.10526316
1000180 0.0877193
1000183 0.0877193
1000186 0.03508772
1000192 0.01754386
1000194 0.01754386
1000201 0.05263158
1000203 0.07017544
1000205 0.0877193
1000206 0.10526316
1000208 0.01754386
1000211 0.12280702
1000214 0.10526316
1000217 0.10526316
1000220 0.05263158
1000226 0.1754386
1000227 0.21052632
1000230 0.19298245
1000234 0.03508772
1000240 0.10526316
1000243 0.0877193
1000246 0.0877193
1000249 0.03508772
1000255 0.01754386
1000257 0.01754386
1000145 0
1000162 0
1000172 0
1000187 0
1000204 0
1000221 0
1000235 0
1000250 0
