1000100 0.98214287
1000249 0
1000104 0.071428575
1000106 0.08928572
1000109 0.875
1000112 0.85714287
1000115 0.85714287
1000121 0.017857144
1000127 0.85714287
1000134 0.85714287
1000135 0.85714287
1000136 0.85714287
1000144 0.017857144
1000147 0.85714287
1000149 0.85714287
1000154 0.85714287
1000159 0.85714287
1000163 0
1000165 0.017857144
1000170 0.017857144
1000176 0.035714287
1000178 0.017857144
1000182 0.035714287
1000185 0.85714287
1000186 0.85714287
1000188 0.85714287
1000192 0.017857144
1000197 0.85714287
1000199 0.85714287
1000202 0.85714287
1000207 0.85714287
1000208 0.85714287
1000211 0.85714287
1000216 0.071428575
1000218 0.85714287
1000220 0
1000222 0.85714287
1000226 0.017857144
1000229 0
1000231 0.017857144
1000235 0.05357143
1000239 0.05357143
1000243 0.035714287
1000247 0.017857144
1000139 0
1000160 0
1000166 0
1000168 0
1000171 0
1000172 0
1000174 0
1000175 0
1000179 0
1000181 0
1000189 0
1000190 0
