1000100 0.984375
1000265 0
1000105 0.890625
1000108 0.875
1000112 0.875
1000115 0.859375
1000118 0.859375
1000124 0.015625
1000131 0.859375
1000135 0.859375
1000137 0.859375
1000142 0.859375
1000143 0.859375
1000144 0.859375
1000152 0.015625
1000155 0.859375
1000157 0.859375
1000162 0.859375
1000167 0.859375
1000171 0
1000173 0.015625
1000178 0.015625
1000184 0.03125
1000186 0.015625
1000190 0.03125
1000193 0.859375
1000194 0.859375
1000196 0.859375
1000200 0.015625
1000205 0.859375
1000207 0.859375
1000209 0.859375
1000211 0
1000214 0.859375
1000215 0.015625
1000217 0.859375
1000219 0.859375
1000224 0.859375
1000225 0.859375
1000228 0.859375
1000234 0
1000237 0
1000239 0
1000241 0.859375
1000245 0.015625
1000248 0
1000250 0.015625
1000253 0.046875
1000255 0.0625
1000259 0.03125
1000263 0.015625
1000147 0
1000168 0
1000174 0
1000176 0
1000179 0
1000180 0
1000182 0
1000183 0
1000187 0
1000189 0
1000197 0
1000198 0
1000210 0
