1000100 0.9807692
1000241 0
1000103 0.01923077
1000105 0.03846154
1000108 0.48076922
1000110 0.44230768
1000115 0.44230768
1000119 0.86538464
1000124 0.057692308
1000126 0.07692308
1000128 0.09615385
1000129 0.115384616
1000131 0.01923077
1000134 0.13461539
1000137 0.115384616
1000140 0.115384616
1000143 0.057692308
1000149 0.1923077
1000153 0.03846154
1000159 0.115384616
1000162 0.09615385
1000165 0.09615385
1000168 0.03846154
1000174 0.01923077
1000176 0.01923077
1000183 0.057692308
1000185 0.07692308
1000187 0.09615385
1000188 0.115384616
1000190 0.01923077
1000193 0.13461539
1000196 0.115384616
1000199 0.115384616
1000202 0.057692308
1000208 0.1923077
1000209 0.23076923
1000212 0.21153846
1000216 0.03846154
1000222 0.115384616
1000225 0.09615385
1000228 0.09615385
1000231 0.03846154
1000237 0.01923077
1000239 0.01923077
1000127 0
1000144 0
1000154 0
1000169 0
1000186 0
1000203 0
1000217 0
1000232 0
