1000100 0.98630136
1000282 0
1000104 0.8356164
1000107 0.82191783
1000111 0.8630137
1000118 0.01369863
1000125 0.04109589
1000129 0.79452056
1000131 0.8082192
1000136 0.7808219
1000137 0.7808219
1000138 0.7808219
1000146 0.01369863
1000149 0.7808219
1000151 0.7808219
1000156 0.7808219
1000161 0.7808219
1000165 0
1000167 0.01369863
1000172 0.01369863
1000178 0.02739726
1000180 0.01369863
1000184 0.02739726
1000187 0.7808219
1000188 0.7808219
1000190 0.7808219
1000194 0.01369863
1000199 0.7808219
1000201 0.7808219
1000203 0.7808219
1000205 0.01369863
1000208 0.7808219
1000209 0.01369863
1000211 0.7808219
1000213 0.7808219
1000218 0.7808219
1000219 0.7808219
1000222 0.7808219
1000227 0.7808219
1000230 0.01369863
1000232 0.02739726
1000234 0.01369863
1000237 0
1000239 0.7808219
1000243 0
1000245 0.01369863
1000249 0.01369863
1000251 0.7808219
1000255 0
1000257 0.01369863
1000261 0
1000263 0.02739726
1000267 0.01369863
1000270 0
1000272 0.01369863
1000276 0.02739726
1000280 0.01369863
1000141 0
1000162 0
1000168 0
1000170 0
1000173 0
1000174 0
1000176 0
1000177 0
1000181 0
1000183 0
1000191 0
1000192 0
1000204 0
1000228 0
1000246 0
1000258 0
