1000100 0.9736842
1000212 0
1000105 0.47368422
1000107 0.5
1000109 0.5263158
1000110 0.55263156
1000112 0
1000115 0.36842105
1000117 0.39473686
1000119 0.42105263
1000120 0.4473684
1000122 0.02631579
1000124 0.4473684
1000127 0.47368422
1000130 0.078947365
1000133 0
1000137 0.34210527
1000140 0.36842105
1000143 0.02631579
1000146 0
1000150 0.05263158
1000153 0.02631579
1000160 0.078947365
1000169 0.28947368
1000172 0.31578946
1000175 0.23684211
1000178 0
1000182 0.18421052
1000184 0.21052632
1000187 0.18421052
1000190 0.15789473
1000193 0.15789473
1000196 0.05263158
1000203 0.05263158
1000206 0
1000210 0.02631579
1000197 0
1000200 0
