1000100 0.969697
1000189 0
1000104 0.8787879
1000107 0.8484849
1000111 0
1000116 0.7878788
1000118 0.8181818
1000121 0.72727275
1000122 0.75757575
1000128 0.54545456
1000129 0.57575756
1000130 0
1000133 0.6060606
1000135 0.6363636
1000141 0.3939394
1000143 0.42424244
1000146 0.24242425
1000147 0.36363637
1000150 0.27272728
1000153 0.060606062
1000158 0.15151516
1000161 0.030303031
1000167 0.030303031
1000169 0.15151516
1000176 0.030303031
1000180 0.09090909
1000181 0.121212125
1000185 0.030303031
1000187 0.030303031
1000134 0
1000151 0
1000159 0
1000170 0
