1000100 0.969697
1000188 0
1000104 0.3939394
1000106 0.42424244
1000108 0.45454547
1000109 0.4848485
1000111 0
1000114 0.3030303
1000116 0.33333334
1000118 0.36363637
1000119 0.3939394
1000121 0
1000123 0.36363637
1000126 0.3939394
1000129 0.121212125
1000132 0
1000136 0.27272728
1000139 0.3030303
1000142 0.030303031
1000145 0
1000150 0
1000152 0.09090909
1000158 0.21212122
1000161 0.24242425
1000164 0.15151516
1000167 0
1000171 0.060606062
1000174 0.09090909
1000175 0.121212125
1000177 0.030303031
1000179 0.060606062
1000182 0
1000186 0.030303031
