1000100 0.9852941
1000292 0
1000103 0.14705883
1000105 0.16176471
1000108 0
1000113 0.014705882
1000119 0.073529415
1000123 0.04411765
1000130 0.8235294
1000131 0.8235294
1000132 0.8235294
1000140 0.014705882
1000143 0.8235294
1000145 0.8235294
1000150 0.8235294
1000155 0.8235294
1000159 0
1000161 0.014705882
1000166 0.014705882
1000173 0.014705882
1000177 0.029411765
1000180 0.8235294
1000181 0.8235294
1000183 0.8235294
1000187 0.014705882
1000193 0.8235294
1000194 0.8235294
1000200 0.8235294
1000202 0.8235294
1000207 0.8235294
1000212 0.8235294
1000214 0.8235294
1000217 0.8235294
1000222 0.8235294
1000223 0.8235294
1000226 0.8235294
1000231 0.14705883
1000233 0.8235294
1000235 0
1000237 0.05882353
1000241 0.014705882
1000244 0.029411765
1000248 0.014705882
1000251 0
1000253 0.014705882
1000256 0
1000261 0.029411765
1000264 0.13235295
1000268 0.014705882
1000274 0.073529415
1000277 0.05882353
1000280 0.05882353
1000283 0.014705882
1000289 0.014705882
1000135 0
1000156 0
1000162 0
1000164 0
1000167 0
1000168 0
1000170 0
1000171 0
1000174 0
1000176 0
1000184 0
1000185 0
1000269 0
1000284 0
