1000100 0.9830508
1000248 0
1000104 0.13559322
1000106 0.15254237
1000109 0.89830506
1000112 0.88135594
1000115 0.88135594
1000121 0.016949153
1000127 0.88135594
1000134 0.88135594
1000135 0.88135594
1000136 0.88135594
1000144 0.016949153
1000147 0.88135594
1000149 0.88135594
1000154 0.88135594
1000159 0.88135594
1000163 0
1000165 0.016949153
1000170 0.016949153
1000176 0.033898305
1000178 0.016949153
1000182 0.033898305
1000185 0.88135594
1000186 0.88135594
1000188 0.88135594
1000192 0.016949153
1000197 0.88135594
1000199 0.88135594
1000202 0.88135594
1000207 0.88135594
1000208 0.88135594
1000211 0.88135594
1000216 0.13559322
1000218 0.88135594
1000220 0
1000222 0.88135594
1000226 0.016949153
1000229 0
1000231 0.016949153
1000233 0.118644066
1000238 0.050847456
1000240 0.06779661
1000242 0.084745765
1000244 0.033898305
1000246 0.016949153
1000139 0
1000160 0
1000166 0
1000168 0
1000171 0
1000172 0
1000174 0
1000175 0
1000179 0
1000181 0
1000189 0
1000190 0
1000241 0
