1000100 0.9677419
1000185 0
1000104 0
1000105 0.8064516
1000109 0.87096775
1000112 0.83870965
1000115 0.83870965
1000120 0.7741935
1000122 0.7741935
1000125 0.7741935
1000126 0.7741935
1000132 0.7741935
1000133 0.7741935
1000134 0.032258064
1000137 0.7741935
1000139 0.7741935
1000145 0.7741935
1000147 0.7741935
1000150 0.7741935
1000151 0.7741935
1000154 0.7741935
1000157 0.06451613
1000162 0.7741935
1000165 0.032258064
1000171 0.032258064
1000173 0.7741935
1000178 0.032258064
1000138 0
1000155 0
1000163 0
1000174 0
