1000100 0.98571426
1000293 0
1000105 0.78571427
1000108 0.7714286
1000114 0.014285714
1000121 0.071428575
1000125 0.042857144
1000129 0.7285714
1000131 0.75714284
1000136 0.71428573
1000137 0.71428573
1000138 0.71428573
1000146 0.014285714
1000149 0.71428573
1000151 0.71428573
1000156 0.71428573
1000161 0.71428573
1000165 0
1000167 0.014285714
1000172 0.014285714
1000179 0.014285714
1000183 0.028571429
1000186 0.71428573
1000187 0.71428573
1000189 0.71428573
1000193 0.014285714
1000199 0.71428573
1000200 0.71428573
1000206 0.71428573
1000208 0.71428573
1000213 0.71428573
1000218 0.71428573
1000220 0.71428573
1000222 0.71428573
1000224 0
1000227 0.71428573
1000228 0.014285714
1000230 0.71428573
1000232 0.71428573
1000237 0.71428573
1000238 0.71428573
1000241 0.71428573
1000247 0
1000250 0
1000252 0
1000254 0.057142857
1000258 0.014285714
1000261 0.028571429
1000265 0.014285714
1000268 0
1000270 0.014285714
1000271 0.014285714
1000278 0.071428575
1000284 0.042857144
1000285 0.057142857
1000289 0.014285714
1000291 0.014285714
1000141 0
1000162 0
1000168 0
1000170 0
1000173 0
1000174 0
1000176 0
1000177 0
1000180 0
1000182 0
1000190 0
1000191 0
1000223 0
