1000100 0.9861111
1000284 0
1000103 0.15277778
1000105 0.16666667
1000108 0.75
1000113 0.013888889
1000119 0.041666668
1000126 0.6944444
1000127 0.6944444
1000128 0.6944444
1000136 0.013888889
1000139 0.6944444
1000141 0.6944444
1000146 0.6944444
1000151 0.6944444
1000155 0
1000157 0.013888889
1000162 0.013888889
1000168 0.027777778
1000170 0.013888889
1000174 0.027777778
1000177 0.6944444
1000178 0.6944444
1000180 0.6944444
1000184 0.013888889
1000189 0.6944444
1000191 0.6944444
1000194 0.6944444
1000199 0.6944444
1000200 0.6944444
1000203 0.6944444
1000208 0.15277778
1000210 0.6944444
1000212 0
1000214 0.027777778
1000218 0.013888889
1000221 0
1000223 0.013888889
1000225 0.30555555
1000230 0.041666668
1000232 0.055555556
1000234 0.06944445
1000235 0.083333336
1000237 0.013888889
1000240 0.097222224
1000243 0.083333336
1000246 0.083333336
1000249 0.041666668
1000255 0.1388889
1000259 0.027777778
1000265 0.083333336
1000268 0.06944445
1000271 0.06944445
1000274 0.027777778
1000280 0.013888889
1000282 0.013888889
1000131 0
1000152 0
1000158 0
1000160 0
1000163 0
1000164 0
1000166 0
1000167 0
1000171 0
1000173 0
1000181 0
1000182 0
1000233 0
1000250 0
1000260 0
1000275 0
