1000100 0.9836066
1000267 0
1000104 0.032786883
1000106 0.04918033
1000111 0.016393442
1000117 0.04918033
1000124 0.6721311
1000125 0.6721311
1000126 0.6721311
1000134 0.016393442
1000137 0.6721311
1000139 0.6721311
1000144 0.6721311
1000149 0.6721311
1000153 0
1000155 0.016393442
1000160 0.016393442
1000166 0.032786883
1000168 0.016393442
1000172 0.032786883
1000175 0.6721311
1000176 0.6721311
1000178 0.6721311
1000182 0.016393442
1000187 0.6721311
1000189 0.6721311
1000192 0.6721311
1000197 0.6721311
1000198 0.6721311
1000201 0.6721311
1000206 0.032786883
1000208 0.6721311
1000210 0
1000212 0.032786883
1000216 0.016393442
1000219 0
1000221 0.016393442
1000222 0.016393442
1000229 0.16393442
1000237 0.032786883
1000240 0.14754099
1000244 0.016393442
1000250 0.08196721
1000253 0.06557377
1000256 0.06557377
1000259 0.016393442
1000265 0.016393442
1000129 0
1000150 0
1000156 0
1000158 0
1000161 0
1000162 0
1000164 0
1000165 0
1000169 0
1000171 0
1000179 0
1000180 0
1000245 0
1000260 0
