1000100 0.9866667
1000288 0
1000105 0.88
1000108 0.8666667
1000112 0.8666667
1000115 0.85333335
1000118 0.85333335
1000124 0.013333334
1000131 0.85333335
1000135 0.85333335
1000137 0.85333335
1000142 0.85333335
1000143 0.85333335
1000144 0.85333335
1000152 0.013333334
1000155 0.85333335
1000157 0.85333335
1000162 0.85333335
1000167 0.85333335
1000171 0
1000173 0.013333334
1000178 0.013333334
1000184 0.026666667
1000186 0.013333334
1000190 0.026666667
1000193 0.85333335
1000194 0.85333335
1000196 0.85333335
1000200 0.013333334
1000205 0.85333335
1000207 0.85333335
1000209 0.85333335
1000211 0.013333334
1000214 0.85333335
1000215 0.013333334
1000217 0.85333335
1000219 0.85333335
1000224 0.85333335
1000225 0.85333335
1000228 0.85333335
1000233 0.85333335
1000236 0.013333334
1000238 0.026666667
1000240 0.013333334
1000243 0
1000245 0.85333335
1000249 0
1000251 0.013333334
1000255 0.013333334
1000257 0.85333335
1000261 0
1000263 0.013333334
1000267 0
1000269 0.85333335
1000273 0.013333334
1000276 0
1000278 0.013333334
1000282 0.026666667
1000286 0.013333334
1000147 0
1000168 0
1000174 0
1000176 0
1000179 0
1000180 0
1000182 0
1000183 0
1000187 0
1000189 0
1000197 0
1000198 0
1000210 0
1000234 0
1000252 0
1000264 0
