1000100 0.9677419
1000180 0
1000104 0.9354839
1000107 0.9032258
1000112 0.83870965
1000114 0.87096775
1000117 0.7741935
1000118 0.8064516
1000124 0.58064514
1000125 0.61290324
1000126 0
1000129 0.6451613
1000131 0.67741936
1000137 0.41935483
1000139 0.4516129
1000142 0.2580645
1000143 0.38709676
1000146 0.29032257
1000149 0.06451613
1000154 0.16129032
1000157 0.032258064
1000163 0.032258064
1000165 0.16129032
1000171 0.09677419
1000172 0.12903225
1000176 0.032258064
1000178 0.032258064
1000130 0
1000147 0
1000155 0
1000166 0
