1000100 0.984127
1000269 0
1000103 0.12698413
1000105 0.14285715
1000112 0.015873017
1000118 0.07936508
1000122 0.04761905
1000129 0.84126985
1000130 0.84126985
1000131 0.84126985
1000139 0.015873017
1000142 0.84126985
1000144 0.84126985
1000149 0.84126985
1000154 0.84126985
1000158 0
1000160 0.015873017
1000165 0.015873017
1000172 0.015873017
1000176 0.031746034
1000179 0.84126985
1000180 0.84126985
1000182 0.84126985
1000186 0.015873017
1000192 0.84126985
1000193 0.84126985
1000199 0.84126985
1000201 0.84126985
1000206 0.84126985
1000211 0.84126985
1000213 0.84126985
1000216 0.84126985
1000221 0.84126985
1000222 0.84126985
1000225 0.84126985
1000230 0.12698413
1000232 0.84126985
1000234 0
1000236 0.06349207
1000240 0.015873017
1000243 0.031746034
1000247 0.015873017
1000250 0
1000252 0.015873017
1000254 0.11111111
1000259 0.04761905
1000261 0.06349207
1000263 0.07936508
1000265 0.031746034
1000267 0.015873017
1000134 0
1000155 0
1000161 0
1000163 0
1000166 0
1000167 0
1000169 0
1000170 0
1000173 0
1000175 0
1000183 0
1000184 0
1000262 0
