1000100 0.9879518
1000330 0
1000105 0.13253012
1000107 0.14457831
1000110 0.7590361
1000113 0.74698794
1000116 0.74698794
1000122 0.012048192
1000128 0.74698794
1000132 0.74698794
1000139 0.74698794
1000140 0.74698794
1000141 0.74698794
1000149 0.012048192
1000152 0.74698794
1000154 0.74698794
1000159 0.74698794
1000164 0.74698794
1000168 0
1000170 0.012048192
1000175 0.012048192
1000182 0.012048192
1000186 0.024096385
1000189 0.74698794
1000190 0.74698794
1000192 0.74698794
1000196 0.012048192
1000202 0.74698794
1000203 0.74698794
1000209 0.74698794
1000211 0.74698794
1000216 0.74698794
1000221 0.74698794
1000223 0.74698794
1000226 0.74698794
1000231 0.74698794
1000232 0.74698794
1000235 0.74698794
1000240 0.13253012
1000242 0.74698794
1000244 0
1000246 0.74698794
1000250 0.012048192
1000253 0.74698794
1000257 0.012048192
1000260 0
1000262 0.012048192
1000264 0.28915662
1000267 0.27710843
1000270 0.27710843
1000276 0.036144577
1000278 0.04819277
1000280 0.060240965
1000281 0.072289154
1000283 0.012048192
1000286 0.084337346
1000289 0.072289154
1000292 0.072289154
1000295 0.036144577
1000301 0.12048193
1000305 0.024096385
1000311 0.072289154
1000314 0.060240965
1000317 0.060240965
1000320 0.024096385
1000326 0.012048192
1000328 0.012048192
1000144 0
1000165 0
1000171 0
1000173 0
1000176 0
1000177 0
1000179 0
1000180 0
1000183 0
1000185 0
1000193 0
1000194 0
1000279 0
1000296 0
1000306 0
1000321 0
