1000100 0.98333335
1000268 0
1000103 0.06666667
1000105 0.083333336
1000110 0.016666668
1000116 0.083333336
1000120 0.05
1000127 0.81666666
1000128 0.81666666
1000129 0.81666666
1000137 0.016666668
1000140 0.81666666
1000142 0.81666666
1000147 0.81666666
1000152 0.81666666
1000156 0
1000158 0.016666668
1000163 0.016666668
1000170 0.016666668
1000174 0.033333335
1000177 0.81666666
1000178 0.81666666
1000180 0.81666666
1000184 0.016666668
1000190 0.81666666
1000191 0.81666666
1000197 0.81666666
1000199 0.81666666
1000204 0.81666666
1000209 0.81666666
1000211 0.81666666
1000214 0.81666666
1000219 0.81666666
1000220 0.81666666
1000223 0.81666666
1000228 0.06666667
1000230 0.81666666
1000232 0
1000234 0.06666667
1000238 0.016666668
1000241 0.033333335
1000245 0.016666668
1000248 0
1000250 0.016666668
1000254 0.05
1000258 0.05
1000262 0.033333335
1000266 0.016666668
1000132 0
1000153 0
1000159 0
1000161 0
1000164 0
1000165 0
1000167 0
1000168 0
1000171 0
1000173 0
1000181 0
1000182 0
