1000100 0.984127
1000267 0
1000103 0.12698413
1000105 0.14285715
1000110 0.015873017
1000116 0.07936508
1000120 0.04761905
1000127 0.84126985
1000128 0.84126985
1000129 0.84126985
1000137 0.015873017
1000140 0.84126985
1000142 0.84126985
1000147 0.84126985
1000152 0.84126985
1000156 0
1000158 0.015873017
1000163 0.015873017
1000170 0.015873017
1000174 0.031746034
1000177 0.84126985
1000178 0.84126985
1000180 0.84126985
1000184 0.015873017
1000190 0.84126985
1000191 0.84126985
1000197 0.84126985
1000199 0.84126985
1000204 0.84126985
1000209 0.84126985
1000211 0.84126985
1000214 0.84126985
1000219 0.84126985
1000220 0.84126985
1000223 0.84126985
1000228 0.12698413
1000230 0.84126985
1000232 0
1000234 0.06349207
1000238 0.015873017
1000241 0.031746034
1000245 0.015873017
1000248 0
1000250 0.015873017
1000252 0.11111111
1000257 0.04761905
1000259 0.06349207
1000261 0.07936508
1000263 0.031746034
1000265 0.015873017
1000132 0
1000153 0
1000159 0
1000161 0
1000164 0
1000165 0
1000167 0
1000168 0
1000171 0
1000173 0
1000181 0
1000182 0
1000260 0
