1000100 0.984127
1000272 0
1000103 0.15873016
1000105 0.17460318
1000108 0
1000114 0.015873017
1000120 0.04761905
1000127 0.7936508
1000128 0.7936508
1000129 0.7936508
1000137 0.015873017
1000140 0.7936508
1000142 0.7936508
1000147 0.7936508
1000152 0.7936508
1000156 0
1000158 0.015873017
1000163 0.015873017
1000169 0.031746034
1000171 0.015873017
1000175 0.031746034
1000178 0.7936508
1000179 0.7936508
1000181 0.7936508
1000185 0.015873017
1000190 0.7936508
1000192 0.7936508
1000195 0.7936508
1000200 0.7936508
1000201 0.7936508
1000204 0.7936508
1000209 0.15873016
1000211 0.7936508
1000213 0
1000215 0.031746034
1000219 0.015873017
1000222 0
1000224 0.015873017
1000227 0.015873017
1000231 0
1000237 0.031746034
1000240 0.14285715
1000244 0.015873017
1000250 0.07936508
1000253 0.06349207
1000256 0.06349207
1000259 0.015873017
1000265 0.015873017
1000269 0.015873017
1000132 0
1000153 0
1000159 0
1000161 0
1000164 0
1000165 0
1000167 0
1000168 0
1000172 0
1000174 0
1000182 0
1000183 0
1000245 0
1000260 0
