1000100 0.9868421
1000287 0
1000104 0.8684211
1000107 0.8552632
1000111 0
1000117 0.013157895
1000124 0.039473683
1000128 0.82894737
1000130 0.84210527
1000135 0.81578946
1000136 0.81578946
1000137 0.81578946
1000145 0.013157895
1000148 0.81578946
1000150 0.81578946
1000155 0.81578946
1000160 0.81578946
1000164 0
1000166 0.013157895
1000171 0.013157895
1000177 0.02631579
1000179 0.013157895
1000183 0.02631579
1000186 0.81578946
1000187 0.81578946
1000189 0.81578946
1000193 0.013157895
1000198 0.81578946
1000200 0.81578946
1000202 0.81578946
1000204 0
1000207 0.81578946
1000208 0.013157895
1000210 0.81578946
1000212 0.81578946
1000217 0.81578946
1000218 0.81578946
1000221 0.81578946
1000226 0.81578946
1000229 0.013157895
1000231 0.02631579
1000233 0.013157895
1000236 0
1000238 0.81578946
1000242 0
1000244 0.013157895
1000248 0.013157895
1000250 0.81578946
1000254 0
1000256 0.013157895
1000260 0
1000262 0.02631579
1000266 0.013157895
1000269 0
1000271 0.013157895
1000274 0.013157895
1000278 0.039473683
1000279 0.05263158
1000283 0.013157895
1000285 0.013157895
1000140 0
1000161 0
1000167 0
1000169 0
1000172 0
1000173 0
1000175 0
1000176 0
1000180 0
1000182 0
1000190 0
1000191 0
1000203 0
1000227 0
1000245 0
1000257 0
