1000100 0.9830508
1000258 0
1000103 0.16949153
1000105 0.18644068
1000112 0.016949153
1000118 0.050847456
1000125 0.8305085
1000126 0.8305085
1000127 0.8305085
1000135 0.016949153
1000138 0.8305085
1000140 0.8305085
1000145 0.8305085
1000150 0.8305085
1000154 0
1000156 0.016949153
1000161 0.016949153
1000167 0.033898305
1000169 0.016949153
1000173 0.033898305
1000176 0.8305085
1000177 0.8305085
1000179 0.8305085
1000183 0.016949153
1000188 0.8305085
1000190 0.8305085
1000193 0.8305085
1000198 0.8305085
1000199 0.8305085
1000202 0.8305085
1000207 0.16949153
1000209 0.8305085
1000211 0
1000213 0.033898305
1000217 0.016949153
1000220 0
1000222 0.016949153
1000228 0.033898305
1000231 0.15254237
1000235 0.016949153
1000241 0.084745765
1000244 0.06779661
1000247 0.06779661
1000250 0.016949153
1000256 0.016949153
1000130 0
1000151 0
1000157 0
1000159 0
1000162 0
1000163 0
1000165 0
1000166 0
1000170 0
1000172 0
1000180 0
1000181 0
1000236 0
1000251 0
