1000100 0.9714286
1000211 0
1000103 0.6
1000105 0.62857145
1000108 0.8
1000112 0.74285716
1000116 0.6857143
1000117 0.71428573
1000123 0.6
1000125 0.62857145
1000129 0.028571429
1000133 0.6
1000137 0.6571429
1000142 0.057142857
1000145 0.25714287
1000149 0.028571429
1000155 0.14285715
1000158 0.114285715
1000161 0.114285715
1000164 0.028571429
1000170 0.028571429
1000177 0.057142857
1000180 0.25714287
1000181 0.31428573
1000184 0.2857143
1000188 0.028571429
1000194 0.14285715
1000197 0.114285715
1000200 0.114285715
1000203 0.028571429
1000209 0.028571429
1000150 0
1000165 0
1000189 0
1000204 0
