1000100 0.9848485
1000274 0
1000104 0.8333333
1000107 0.8181818
1000113 0.015151516
1000120 0.07575758
1000124 0.045454547
1000128 0.77272725
1000130 0.8030303
1000135 0.75757575
1000136 0.75757575
1000137 0.75757575
1000145 0.015151516
1000148 0.75757575
1000150 0.75757575
1000155 0.75757575
1000160 0.75757575
1000164 0
1000166 0.015151516
1000171 0.015151516
1000178 0.015151516
1000182 0.030303031
1000185 0.75757575
1000186 0.75757575
1000188 0.75757575
1000192 0.015151516
1000198 0.75757575
1000199 0.75757575
1000205 0.75757575
1000207 0.75757575
1000212 0.75757575
1000217 0.75757575
1000219 0.75757575
1000221 0.75757575
1000223 0
1000226 0.75757575
1000227 0.015151516
1000229 0.75757575
1000231 0.75757575
1000236 0.75757575
1000237 0.75757575
1000240 0.75757575
1000246 0
1000249 0
1000251 0
1000253 0.060606062
1000257 0.015151516
1000260 0.030303031
1000264 0.015151516
1000267 0
1000269 0.015151516
1000270 0.015151516
1000273 0.015151516
1000140 0
1000161 0
1000167 0
1000169 0
1000172 0
1000173 0
1000175 0
1000176 0
1000179 0
1000181 0
1000189 0
1000190 0
1000222 0
