1000100 0.9879518
1000314 0
1000103 0
1000104 0.8433735
1000110 0.012048192
1000117 0.060240965
1000121 0.036144577
1000125 0.8192771
1000127 0.8313253
1000132 0.8072289
1000133 0.8072289
1000134 0.8072289
1000142 0.012048192
1000145 0.8072289
1000147 0.8072289
1000152 0.8072289
1000157 0.8072289
1000161 0
1000163 0.012048192
1000168 0.012048192
1000175 0.012048192
1000179 0.024096385
1000182 0.8072289
1000183 0.8072289
1000185 0.8072289
1000189 0.012048192
1000195 0.8072289
1000196 0.8072289
1000202 0.8072289
1000204 0.8072289
1000209 0.8072289
1000214 0.8072289
1000216 0.8072289
1000218 0.8072289
1000220 0
1000223 0.8072289
1000224 0.012048192
1000226 0.8072289
1000228 0.8072289
1000233 0.8072289
1000234 0.8072289
1000237 0.8072289
1000242 0.8072289
1000245 0.012048192
1000247 0.024096385
1000249 0.012048192
1000252 0
1000254 0.8072289
1000258 0
1000260 0.012048192
1000264 0.012048192
1000266 0.8072289
1000270 0
1000272 0.012048192
1000276 0
1000278 0.04819277
1000282 0.012048192
1000285 0.024096385
1000289 0.012048192
1000292 0
1000294 0.012048192
1000297 0.04819277
1000301 0.036144577
1000305 0
1000306 0.024096385
1000308 0.036144577
1000312 0.012048192
1000137 0
1000158 0
1000164 0
1000166 0
1000169 0
1000170 0
1000172 0
1000173 0
1000176 0
1000178 0
1000186 0
1000187 0
1000219 0
1000243 0
1000261 0
1000273 0
