1000100 0.98507464
1000286 0
1000104 0.8358209
1000107 0.8208955
1000111 0
1000117 0.014925373
1000124 0.07462686
1000128 0.04477612
1000132 0.7910448
1000134 0.80597013
1000139 0.7761194
1000140 0.7761194
1000141 0.7761194
1000149 0.014925373
1000152 0.7761194
1000154 0.7761194
1000159 0.7761194
1000164 0.7761194
1000168 0
1000170 0.014925373
1000175 0.014925373
1000182 0.014925373
1000186 0.029850746
1000189 0.7761194
1000190 0.7761194
1000192 0.7761194
1000196 0.014925373
1000202 0.7761194
1000203 0.7761194
1000209 0.7761194
1000211 0.7761194
1000216 0.7761194
1000221 0.7761194
1000223 0.7761194
1000225 0.7761194
1000227 0.014925373
1000230 0.7761194
1000231 0.014925373
1000233 0.7761194
1000235 0.7761194
1000240 0.7761194
1000241 0.7761194
1000244 0.7761194
1000250 0
1000253 0
1000255 0
1000257 0.05970149
1000261 0.014925373
1000264 0.029850746
1000268 0.014925373
1000271 0
1000273 0.014925373
1000276 0.014925373
1000279 0.014925373
1000144 0
1000165 0
1000171 0
1000173 0
1000176 0
1000177 0
1000179 0
1000180 0
1000183 0
1000185 0
1000193 0
1000194 0
1000226 0
