1000100 0.9756098
1000225 0
1000104 0.024390243
1000109 0.024390243
1000114 0.4390244
1000116 0.46341464
1000118 0.4878049
1000119 0.5121951
1000121 0
1000124 0.34146342
1000126 0.36585367
1000128 0.3902439
1000129 0.41463414
1000131 0.024390243
1000133 0.41463414
1000136 0.4390244
1000139 0.07317073
1000142 0
1000146 0.31707317
1000149 0.34146342
1000152 0.024390243
1000155 0
1000161 0
1000165 0.048780486
1000168 0.024390243
1000174 0.07317073
1000182 0.2682927
1000185 0.29268292
1000188 0.2195122
1000191 0
1000195 0.17073171
1000197 0.19512194
1000200 0.17073171
1000203 0.14634146
1000206 0.14634146
1000209 0.048780486
1000216 0.048780486
1000219 0
1000223 0.024390243
1000210 0
1000213 0
