1000100 0.9814815
1000243 0
1000103 0.074074075
1000105 0.09259259
1000108 0.8703704
1000115 0.018518519
1000121 0.055555556
1000128 0.7962963
1000129 0.7962963
1000130 0.7962963
1000138 0.018518519
1000141 0.7962963
1000143 0.7962963
1000148 0.7962963
1000153 0.7962963
1000157 0
1000159 0.018518519
1000164 0.018518519
1000170 0.037037037
1000172 0.018518519
1000176 0.037037037
1000179 0.7962963
1000180 0.7962963
1000182 0.7962963
1000186 0.018518519
1000191 0.7962963
1000193 0.7962963
1000196 0.7962963
1000201 0.7962963
1000202 0.7962963
1000205 0.7962963
1000210 0.074074075
1000212 0.7962963
1000214 0
1000216 0.037037037
1000220 0.018518519
1000223 0
1000225 0.018518519
1000229 0.055555556
1000233 0.055555556
1000237 0.037037037
1000241 0.018518519
1000133 0
1000154 0
1000160 0
1000162 0
1000165 0
1000166 0
1000168 0
1000169 0
1000173 0
1000175 0
1000183 0
1000184 0
