1000100 0.969697
1000186 0
1000103 0
1000104 0.8484849
1000109 0.7878788
1000111 0.8181818
1000114 0.72727275
1000115 0.75757575
1000121 0.54545456
1000122 0.57575756
1000123 0
1000126 0.6060606
1000128 0.6363636
1000134 0.3939394
1000136 0.42424244
1000139 0.24242425
1000140 0.36363637
1000143 0.27272728
1000146 0.060606062
1000151 0.15151516
1000154 0.030303031
1000160 0.030303031
1000162 0.15151516
1000169 0.121212125
1000173 0.09090909
1000177 0
1000178 0.060606062
1000180 0.09090909
1000184 0.030303031
1000127 0
1000144 0
1000152 0
1000163 0
