1000100 0.98717946
1000321 0
1000104 0.025641026
1000106 0.03846154
1000111 0.012820513
1000117 0.06410257
1000121 0.03846154
1000128 0.6025641
1000129 0.6025641
1000130 0.6025641
1000138 0.012820513
1000141 0.6025641
1000143 0.6025641
1000148 0.6025641
1000153 0.6025641
1000157 0
1000159 0.012820513
1000164 0.012820513
1000171 0.012820513
1000175 0.025641026
1000178 0.6025641
1000179 0.6025641
1000181 0.6025641
1000185 0.012820513
1000191 0.6025641
1000192 0.6025641
1000198 0.6025641
1000200 0.6025641
1000205 0.6025641
1000210 0.6025641
1000212 0.6025641
1000215 0.6025641
1000220 0.6025641
1000221 0.6025641
1000224 0.6025641
1000229 0.025641026
1000231 0.6025641
1000233 0
1000235 0.051282052
1000239 0.012820513
1000242 0.025641026
1000246 0.012820513
1000249 0
1000251 0.012820513
1000252 0.012820513
1000259 0.14102565
1000267 0.03846154
1000269 0.051282052
1000271 0.06410257
1000272 0.07692308
1000274 0.012820513
1000277 0.08974359
1000280 0.07692308
1000283 0.07692308
1000286 0.03846154
1000292 0.12820514
1000296 0.025641026
1000302 0.07692308
1000305 0.06410257
1000308 0.06410257
1000311 0.025641026
1000317 0.012820513
1000319 0.012820513
1000133 0
1000154 0
1000160 0
1000162 0
1000165 0
1000166 0
1000168 0
1000169 0
1000172 0
1000174 0
1000182 0
1000183 0
1000287 0
1000297 0
1000312 0
