1000100 0.96428573
1000186 0
1000104 0.71428573
1000107 0.6785714
1000111 0.6785714
1000115 0.5714286
1000117 0.60714287
1000120 0.5
1000121 0.53571427
1000127 0.2857143
1000128 0.32142857
1000129 0
1000132 0.35714287
1000134 0.39285713
1000140 0.035714287
1000142 0.21428572
1000147 0.035714287
1000151 0.17857143
1000155 0.32142857
1000159 0.10714286
1000162 0.071428575
1000164 0.10714286
1000168 0.035714287
1000174 0.10714286
1000177 0.071428575
1000179 0.10714286
1000184 0.035714287
1000133 0
