1000100 0.98717946
1000293 0
1000103 0
1000104 0.8076923
1000108 0
1000114 0.012820513
1000121 0.03846154
1000125 0.78205127
1000127 0.7948718
1000132 0.7692308
1000133 0.7692308
1000134 0.7692308
1000142 0.012820513
1000145 0.7692308
1000147 0.7692308
1000152 0.7692308
1000157 0.7692308
1000161 0
1000163 0.012820513
1000168 0.012820513
1000174 0.025641026
1000176 0.012820513
1000180 0.025641026
1000183 0.7692308
1000184 0.7692308
1000186 0.7692308
1000190 0.012820513
1000195 0.7692308
1000197 0.7692308
1000199 0.7692308
1000201 0.012820513
1000204 0.7692308
1000205 0.012820513
1000207 0.7692308
1000209 0.7692308
1000214 0.7692308
1000215 0.7692308
1000218 0.7692308
1000223 0.7692308
1000226 0.012820513
1000228 0.025641026
1000230 0.012820513
1000233 0
1000235 0.7692308
1000239 0
1000241 0.012820513
1000245 0.012820513
1000247 0.7692308
1000251 0
1000253 0.012820513
1000257 0
1000259 0.025641026
1000263 0.012820513
1000266 0
1000268 0.012820513
1000271 0.012820513
1000275 0
1000279 0
1000280 0.025641026
1000282 0.03846154
1000286 0.012820513
1000290 0.012820513
1000137 0
1000158 0
1000164 0
1000166 0
1000169 0
1000170 0
1000172 0
1000173 0
1000177 0
1000179 0
1000187 0
1000188 0
1000200 0
1000224 0
1000242 0
1000254 0
