1000100 0.98275864
1000259 0
1000104 0.05172414
1000106 0.06896552
1000111 0.01724138
1000117 0.0862069
1000121 0.05172414
1000128 0.82758623
1000129 0.82758623
1000130 0.82758623
1000138 0.01724138
1000141 0.82758623
1000143 0.82758623
1000148 0.82758623
1000153 0.82758623
1000157 0
1000159 0.01724138
1000164 0.01724138
1000171 0.01724138
1000175 0.03448276
1000178 0.82758623
1000179 0.82758623
1000181 0.82758623
1000185 0.01724138
1000191 0.82758623
1000192 0.82758623
1000198 0.82758623
1000200 0.82758623
1000205 0.82758623
1000210 0.82758623
1000212 0.82758623
1000215 0.82758623
1000220 0.82758623
1000221 0.82758623
1000224 0.82758623
1000229 0.05172414
1000231 0.82758623
1000233 0
1000235 0.06896552
1000239 0.01724138
1000242 0.03448276
1000246 0.01724138
1000249 0
1000251 0.01724138
1000252 0.03448276
1000257 0.01724138
1000133 0
1000154 0
1000160 0
1000162 0
1000165 0
1000166 0
1000168 0
1000169 0
1000172 0
1000174 0
1000182 0
1000183 0
