1000100 0.9859155
1000310 0
1000104 0.014084507
1000109 0.014084507
1000113 0.014084507
1000115 0.028169014
1000119 0.028169014
1000126 0.014084507
1000132 0.07042254
1000136 0.04225352
1000143 0.6619718
1000144 0.6619718
1000145 0.6619718
1000153 0.014084507
1000156 0.6619718
1000158 0.6619718
1000163 0.6619718
1000168 0.6619718
1000172 0
1000174 0.014084507
1000179 0.014084507
1000186 0.014084507
1000190 0.028169014
1000193 0.6619718
1000194 0.6619718
1000196 0.6619718
1000200 0.014084507
1000206 0.6619718
1000207 0.6619718
1000213 0.6619718
1000215 0.6619718
1000220 0.6619718
1000225 0.6619718
1000227 0.6619718
1000230 0.6619718
1000235 0.6619718
1000236 0.6619718
1000239 0.6619718
1000244 0.028169014
1000246 0.6619718
1000248 0
1000250 0.056338027
1000254 0.014084507
1000257 0.028169014
1000261 0.014084507
1000264 0
1000266 0.014084507
1000267 0.014084507
1000273 0.14084508
1000280 0.028169014
1000283 0.12676056
1000287 0.014084507
1000293 0.07042254
1000296 0.056338027
1000299 0.056338027
1000302 0.014084507
1000308 0.014084507
1000148 0
1000169 0
1000175 0
1000177 0
1000180 0
1000181 0
1000183 0
1000184 0
1000187 0
1000189 0
1000197 0
1000198 0
1000288 0
1000303 0
