1000100 0.9861111
1000306 0
1000105 0.1388889
1000107 0.15277778
1000110 0.8611111
1000113 0.8472222
1000116 0.8472222
1000122 0.013888889
1000128 0.8472222
1000132 0.8472222
1000139 0.8472222
1000140 0.8472222
1000141 0.8472222
1000149 0.013888889
1000152 0.8472222
1000154 0.8472222
1000159 0.8472222
1000164 0.8472222
1000168 0
1000170 0.013888889
1000175 0.013888889
1000182 0.013888889
1000186 0.027777778
1000189 0.8472222
1000190 0.8472222
1000192 0.8472222
1000196 0.013888889
1000202 0.8472222
1000203 0.8472222
1000209 0.8472222
1000211 0.8472222
1000216 0.8472222
1000221 0.8472222
1000223 0.8472222
1000226 0.8472222
1000231 0.8472222
1000232 0.8472222
1000235 0.8472222
1000240 0.1388889
1000242 0.8472222
1000244 0
1000246 0.8472222
1000250 0.013888889
1000253 0.8472222
1000257 0.013888889
1000260 0
1000262 0.013888889
1000264 0.18055555
1000267 0.16666667
1000270 0.16666667
1000276 0.027777778
1000279 0.125
1000283 0.013888889
1000289 0.06944445
1000292 0.055555556
1000295 0.055555556
1000298 0.013888889
1000304 0.013888889
1000144 0
1000165 0
1000171 0
1000173 0
1000176 0
1000177 0
1000179 0
1000180 0
1000183 0
1000185 0
1000193 0
1000194 0
1000284 0
1000299 0
