1000100 0.9677419
1000207 0
1000104 0.032258064
1000109 0.032258064
1000115 0.5483871
1000118 0.58064514
1000121 0.09677419
1000124 0
1000128 0.41935483
1000131 0.4516129
1000134 0.032258064
1000137 0
1000143 0
1000147 0.06451613
1000150 0.032258064
1000156 0.09677419
1000164 0.3548387
1000167 0.38709676
1000170 0.29032257
1000173 0
1000177 0.22580644
1000179 0.2580645
1000182 0.22580644
1000185 0.19354838
1000188 0.19354838
1000191 0.06451613
1000198 0.06451613
1000201 0
1000205 0.032258064
1000192 0
1000195 0
