1000100 0.9852941
1000288 0
1000105 0.89705884
1000108 0.88235295
1000112 0.88235295
1000115 0.86764705
1000118 0.86764705
1000124 0.014705882
1000131 0.86764705
1000135 0.86764705
1000139 0.86764705
1000141 0.86764705
1000146 0.86764705
1000147 0.86764705
1000148 0.86764705
1000156 0.014705882
1000159 0.86764705
1000161 0.86764705
1000166 0.86764705
1000171 0.86764705
1000175 0
1000177 0.014705882
1000182 0.014705882
1000189 0.014705882
1000193 0.029411765
1000196 0.86764705
1000197 0.86764705
1000199 0.86764705
1000203 0.014705882
1000209 0.86764705
1000210 0.86764705
1000216 0.86764705
1000218 0.86764705
1000223 0.86764705
1000228 0.86764705
1000230 0.86764705
1000232 0.86764705
1000234 0.014705882
1000237 0.86764705
1000238 0.014705882
1000240 0.86764705
1000242 0.86764705
1000247 0.86764705
1000248 0.86764705
1000251 0.86764705
1000257 0
1000260 0
1000262 0
1000264 0.86764705
1000268 0.014705882
1000271 0.86764705
1000275 0.014705882
1000278 0
1000280 0.014705882
1000281 0.014705882
1000151 0
1000172 0
1000178 0
1000180 0
1000183 0
1000184 0
1000186 0
1000187 0
1000190 0
1000192 0
1000200 0
1000201 0
1000233 0
