1000100 0.9864865
1000304 0
1000103 0.2837838
1000105 0.2972973
1000108 0.8783784
1000113 0.013513514
1000119 0.04054054
1000126 0.8108108
1000127 0.8108108
1000128 0.8108108
1000136 0.013513514
1000139 0.8108108
1000141 0.8108108
1000146 0.8108108
1000151 0.8108108
1000155 0
1000157 0.013513514
1000162 0.013513514
1000168 0.027027028
1000170 0.013513514
1000174 0.027027028
1000177 0.8108108
1000178 0.8108108
1000180 0.8108108
1000184 0.013513514
1000189 0.8108108
1000191 0.8108108
1000194 0.8108108
1000199 0.8108108
1000200 0.8108108
1000203 0.8108108
1000208 0.2837838
1000210 0.8108108
1000212 0
1000214 0.027027028
1000218 0.013513514
1000221 0
1000223 0.013513514
1000226 0.2837838
1000230 0.3108108
1000235 0.027027028
1000238 0.12162162
1000242 0.013513514
1000248 0.067567565
1000251 0.054054055
1000254 0.054054055
1000257 0.013513514
1000263 0.013513514
1000270 0.027027028
1000273 0.12162162
1000274 0.14864865
1000277 0.13513513
1000281 0.013513514
1000287 0.067567565
1000290 0.054054055
1000293 0.054054055
1000296 0.013513514
1000302 0.013513514
1000131 0
1000152 0
1000158 0
1000160 0
1000163 0
1000164 0
1000166 0
1000167 0
1000171 0
1000173 0
1000181 0
1000182 0
1000243 0
1000258 0
1000282 0
1000297 0
