1000100 0.9895833
1000352 0
1000103 0.23958333
1000105 0.25
1000108 0.6979167
1000113 0.010416667
1000119 0.03125
1000126 0.6458333
1000127 0.6458333
1000128 0.6458333
1000136 0.010416667
1000139 0.6458333
1000141 0.6458333
1000146 0.6458333
1000151 0.6458333
1000155 0
1000157 0.010416667
1000162 0.010416667
1000168 0.020833334
1000170 0.010416667
1000174 0.020833334
1000177 0.6458333
1000178 0.6458333
1000180 0.6458333
1000184 0.010416667
1000189 0.6458333
1000191 0.6458333
1000194 0.6458333
1000199 0.6458333
1000200 0.6458333
1000203 0.6458333
1000208 0.23958333
1000210 0.6458333
1000212 0
1000214 0.020833334
1000218 0.010416667
1000221 0
1000223 0.010416667
1000226 0.23958333
1000230 0.46875
1000235 0.03125
1000237 0.041666668
1000239 0.052083332
1000240 0.0625
1000242 0.010416667
1000245 0.072916664
1000248 0.0625
1000251 0.0625
1000254 0.03125
1000260 0.104166664
1000264 0.020833334
1000270 0.0625
1000273 0.052083332
1000276 0.052083332
1000279 0.020833334
1000285 0.010416667
1000287 0.010416667
1000294 0.03125
1000296 0.041666668
1000298 0.052083332
1000299 0.0625
1000301 0.010416667
1000304 0.072916664
1000307 0.0625
1000310 0.0625
1000313 0.03125
1000319 0.104166664
1000320 0.125
1000323 0.114583336
1000327 0.020833334
1000333 0.0625
1000336 0.052083332
1000339 0.052083332
1000342 0.020833334
1000348 0.010416667
1000350 0.010416667
1000131 0
1000152 0
1000158 0
1000160 0
1000163 0
1000164 0
1000166 0
1000167 0
1000171 0
1000173 0
1000181 0
1000182 0
1000238 0
1000255 0
1000265 0
1000280 0
1000297 0
1000314 0
1000328 0
1000343 0
