1000100 0.9705882
1000191 0
1000105 0.85294116
1000108 0.8235294
1000112 0.88235295
1000115 0.85294116
1000118 0.85294116
1000123 0.7941176
1000125 0.7941176
1000128 0.7941176
1000129 0.7941176
1000135 0.7941176
1000136 0.7941176
1000137 0
1000140 0.7941176
1000142 0.7941176
1000148 0.7941176
1000150 0.7941176
1000153 0.7941176
1000154 0.7941176
1000157 0.7941176
1000160 0.05882353
1000165 0.7941176
1000168 0.029411765
1000174 0.029411765
1000176 0.7941176
1000182 0.0882353
1000183 0.11764706
1000187 0.029411765
1000189 0.029411765
1000141 0
1000158 0
1000166 0
1000177 0
