1000100 0.9722222
1000203 0
1000104 0.027777778
1000109 0.027777778
1000113 0
1000114 0.027777778
1000119 0.75
1000125 0.6944444
1000127 0.7222222
1000130 0.6388889
1000131 0.6666667
1000137 0.4722222
1000138 0.5
1000139 0
1000142 0.5277778
1000144 0.5555556
1000150 0.33333334
1000152 0.3611111
1000155 0.19444445
1000156 0.30555555
1000159 0.22222222
1000162 0.055555556
1000167 0.11111111
1000170 0.027777778
1000176 0.027777778
1000178 0.11111111
1000183 0.027777778
1000189 0.083333336
1000194 0
1000195 0.055555556
1000197 0.083333336
1000201 0.027777778
1000143 0
1000160 0
1000168 0
1000179 0
