1000100 0.98039216
1000229 0
1000104 0.05882353
1000106 0.078431375
1000111 0.019607844
1000117 0.05882353
1000124 0.8235294
1000125 0.8235294
1000126 0.8235294
1000134 0.019607844
1000137 0.8235294
1000139 0.8235294
1000144 0.8235294
1000149 0.8235294
1000153 0
1000155 0.019607844
1000160 0.019607844
1000166 0.039215688
1000168 0.019607844
1000172 0.039215688
1000175 0.8235294
1000176 0.8235294
1000178 0.8235294
1000182 0.019607844
1000187 0.8235294
1000189 0.8235294
1000192 0.8235294
1000197 0.8235294
1000198 0.8235294
1000201 0.8235294
1000206 0.05882353
1000208 0.8235294
1000210 0
1000212 0.039215688
1000216 0.019607844
1000219 0
1000221 0.019607844
1000222 0.039215688
1000227 0.019607844
1000129 0
1000150 0
1000156 0
1000158 0
1000161 0
1000162 0
1000164 0
1000165 0
1000169 0
1000171 0
1000179 0
1000180 0
