1000100 0.9852941
1000297 0
1000104 0.029411765
1000106 0.04411765
1000111 0.014705882
1000117 0.073529415
1000121 0.04411765
1000128 0.6911765
1000129 0.6911765
1000130 0.6911765
1000138 0.014705882
1000141 0.6911765
1000143 0.6911765
1000148 0.6911765
1000153 0.6911765
1000157 0
1000159 0.014705882
1000164 0.014705882
1000171 0.014705882
1000175 0.029411765
1000178 0.6911765
1000179 0.6911765
1000181 0.6911765
1000185 0.014705882
1000191 0.6911765
1000192 0.6911765
1000198 0.6911765
1000200 0.6911765
1000205 0.6911765
1000210 0.6911765
1000212 0.6911765
1000215 0.6911765
1000220 0.6911765
1000221 0.6911765
1000224 0.6911765
1000229 0.029411765
1000231 0.6911765
1000233 0
1000235 0.05882353
1000239 0.014705882
1000242 0.029411765
1000246 0.014705882
1000249 0
1000251 0.014705882
1000252 0.014705882
1000259 0.14705883
1000267 0.029411765
1000270 0.13235295
1000274 0.014705882
1000280 0.073529415
1000283 0.05882353
1000286 0.05882353
1000289 0.014705882
1000295 0.014705882
1000133 0
1000154 0
1000160 0
1000162 0
1000165 0
1000166 0
1000168 0
1000169 0
1000172 0
1000174 0
1000182 0
1000183 0
1000275 0
1000290 0
