1000100 0.9864865
1000304 0
1000104 0.013513514
1000109 0.013513514
1000113 0.013513514
1000115 0.027027028
1000119 0.027027028
1000126 0.013513514
1000132 0.04054054
1000139 0.5540541
1000140 0.5540541
1000141 0.5540541
1000149 0.013513514
1000152 0.5540541
1000154 0.5540541
1000159 0.5540541
1000164 0.5540541
1000168 0
1000170 0.013513514
1000175 0.013513514
1000181 0.027027028
1000183 0.013513514
1000187 0.027027028
1000190 0.5540541
1000191 0.5540541
1000193 0.5540541
1000197 0.013513514
1000202 0.5540541
1000204 0.5540541
1000207 0.5540541
1000212 0.5540541
1000213 0.5540541
1000216 0.5540541
1000221 0.027027028
1000223 0.5540541
1000225 0
1000227 0.027027028
1000231 0.013513514
1000234 0
1000236 0.013513514
1000237 0.013513514
1000243 0.14864865
1000250 0.04054054
1000252 0.054054055
1000254 0.067567565
1000255 0.08108108
1000257 0.013513514
1000260 0.0945946
1000263 0.08108108
1000266 0.08108108
1000269 0.04054054
1000275 0.13513513
1000279 0.027027028
1000285 0.08108108
1000288 0.067567565
1000291 0.067567565
1000294 0.027027028
1000300 0.013513514
1000302 0.013513514
1000144 0
1000165 0
1000171 0
1000173 0
1000176 0
1000177 0
1000179 0
1000180 0
1000184 0
1000186 0
1000194 0
1000195 0
1000270 0
1000280 0
1000295 0
