1000100 0.98717946
1000289 0
1000103 0
1000104 0.7948718
1000108 0.8333333
1000113 0.012820513
1000120 0.03846154
1000124 0.7692308
1000126 0.78205127
1000131 0.75641024
1000132 0.75641024
1000133 0.75641024
1000141 0.012820513
1000144 0.75641024
1000146 0.75641024
1000151 0.75641024
1000156 0.75641024
1000160 0
1000162 0.012820513
1000167 0.012820513
1000173 0.025641026
1000175 0.012820513
1000179 0.025641026
1000182 0.75641024
1000183 0.75641024
1000185 0.75641024
1000189 0.012820513
1000194 0.75641024
1000196 0.75641024
1000198 0.75641024
1000200 0.012820513
1000203 0.75641024
1000204 0.012820513
1000206 0.75641024
1000208 0.75641024
1000213 0.75641024
1000214 0.75641024
1000217 0.75641024
1000222 0.75641024
1000225 0.012820513
1000227 0.025641026
1000229 0.012820513
1000232 0
1000234 0.75641024
1000238 0
1000240 0.012820513
1000244 0.012820513
1000246 0.75641024
1000250 0
1000252 0.012820513
1000256 0
1000258 0.025641026
1000262 0.012820513
1000265 0
1000267 0.012820513
1000271 0.06410257
1000274 0
1000275 0.025641026
1000277 0.03846154
1000281 0.012820513
1000286 0
1000287 0.012820513
1000136 0
1000157 0
1000163 0
1000165 0
1000168 0
1000169 0
1000171 0
1000172 0
1000176 0
1000178 0
1000186 0
1000187 0
1000199 0
1000223 0
1000241 0
1000253 0
