1000100 0.9714286
1000187 0
1000103 0.028571429
1000107 0.85714287
1000111 0.25714287
1000113 0.2857143
1000115 0.31428573
1000116 0.34285715
1000118 0.028571429
1000120 0.22857143
1000123 0.25714287
1000126 0.14285715
1000129 0
1000133 0.08571429
1000135 0.114285715
1000142 0.22857143
1000144 0.25714287
1000146 0.2857143
1000147 0.31428573
1000149 0.028571429
1000151 0.2
1000154 0.22857143
1000157 0.114285715
1000160 0
1000164 0.08571429
1000169 0.114285715
1000172 0.14285715
1000175 0.08571429
1000178 0
1000182 0.057142857
1000185 0.028571429
1000114 0
1000127 0
1000145 0
1000158 0
