1000100 0.9811321
1000241 0
1000103 0.018867925
1000105 0.03773585
1000108 0.49056605
1000110 0.43396226
1000115 0.43396226
1000119 0.8490566
1000124 0.056603774
1000126 0.0754717
1000128 0.094339624
1000129 0.11320755
1000131 0.018867925
1000134 0.13207547
1000137 0.11320755
1000140 0.11320755
1000143 0.056603774
1000149 0.18867925
1000153 0.03773585
1000159 0.11320755
1000162 0.094339624
1000165 0.094339624
1000168 0.03773585
1000174 0.018867925
1000176 0.018867925
1000183 0.056603774
1000185 0.0754717
1000187 0.094339624
1000188 0.11320755
1000190 0.018867925
1000193 0.13207547
1000196 0.11320755
1000199 0.11320755
1000202 0.056603774
1000208 0.18867925
1000209 0.2264151
1000212 0.20754717
1000216 0.03773585
1000222 0.11320755
1000225 0.094339624
1000228 0.094339624
1000231 0.03773585
1000237 0.018867925
1000239 0.018867925
1000112 0
1000127 0
1000144 0
1000154 0
1000169 0
1000186 0
1000203 0
1000217 0
1000232 0
