1000100 0.9705882
1000205 0
1000104 0.029411765
1000109 0.029411765
1000114 0.05882353
1000117 0.029411765
1000122 0.7941176
1000128 0.7352941
1000130 0.7647059
1000133 0.6764706
1000134 0.7058824
1000140 0.5
1000141 0.5294118
1000142 0
1000145 0.5588235
1000147 0.5882353
1000153 0.29411766
1000155 0.32352942
1000158 0.14705883
1000159 0.2647059
1000162 0.1764706
1000165 0.05882353
1000170 0.05882353
1000173 0.029411765
1000179 0.029411765
1000181 0.05882353
1000186 0.029411765
1000192 0.029411765
1000199 0.05882353
1000203 0.029411765
1000146 0
1000163 0
1000171 0
1000182 0
