1000100 0.9722222
1000206 0
1000104 0.027777778
1000109 0.027777778
1000114 0.055555556
1000117 0.027777778
1000122 0.8055556
1000128 0.75
1000130 0.7777778
1000133 0.6944444
1000134 0.7222222
1000140 0.5277778
1000141 0.5555556
1000142 0
1000145 0.5833333
1000147 0.6111111
1000153 0.3888889
1000155 0.41666666
1000158 0.25
1000159 0.3611111
1000162 0.2777778
1000165 0.055555556
1000170 0.16666667
1000173 0.027777778
1000179 0.027777778
1000181 0.16666667
1000186 0.027777778
1000192 0.1388889
1000197 0.083333336
1000198 0.11111111
1000202 0.027777778
1000204 0.027777778
1000146 0
1000163 0
1000171 0
1000182 0
