1000100 0.9868421
1000300 0
1000105 0.14473684
1000107 0.15789473
1000110 0.7368421
1000113 0.7236842
1000116 0.7236842
1000122 0.013157895
1000128 0.7236842
1000135 0.7236842
1000136 0.7236842
1000137 0.7236842
1000145 0.013157895
1000148 0.7236842
1000150 0.7236842
1000155 0.7236842
1000160 0.7236842
1000164 0
1000166 0.013157895
1000171 0.013157895
1000177 0.02631579
1000179 0.013157895
1000183 0.02631579
1000186 0.7236842
1000187 0.7236842
1000189 0.7236842
1000193 0.013157895
1000198 0.7236842
1000200 0.7236842
1000203 0.7236842
1000208 0.7236842
1000209 0.7236842
1000212 0.7236842
1000217 0.14473684
1000219 0.7236842
1000221 0
1000223 0.7236842
1000227 0.013157895
1000230 0
1000232 0.013157895
1000234 0.31578946
1000237 0.3026316
1000240 0.3026316
1000246 0.039473683
1000248 0.05263158
1000250 0.065789476
1000251 0.078947365
1000253 0.013157895
1000256 0.09210526
1000259 0.078947365
1000262 0.078947365
1000265 0.039473683
1000271 0.13157895
1000275 0.02631579
1000281 0.078947365
1000284 0.065789476
1000287 0.065789476
1000290 0.02631579
1000296 0.013157895
1000298 0.013157895
1000140 0
1000161 0
1000167 0
1000169 0
1000172 0
1000173 0
1000175 0
1000176 0
1000180 0
1000182 0
1000190 0
1000191 0
1000249 0
1000266 0
1000276 0
1000291 0
