1000100 0.9705882
1000171 0
1000103 0.38235295
1000107 0.7941176
1000111 0.5
1000113 0.5294118
1000115 0.5588235
1000116 0.5882353
1000118 0.029411765
1000120 0.47058824
1000123 0.5
1000126 0.44117647
1000129 0
1000133 0.38235295
1000135 0.4117647
1000139 0.47058824
1000143 0.29411766
1000145 0.32352942
1000146 0.3529412
1000150 0.14705883
1000152 0.1764706
1000154 0.20588236
1000155 0
1000159 0.11764706
1000162 0.029411765
1000165 0.029411765
1000166 0.0882353
1000169 0.029411765
1000114 0
1000127 0
1000136 0
1000147 0
1000153 0
1000167 0
