1000100 0.98734176
1000318 0
1000103 0.1392405
1000105 0.15189873
1000108 0.9240506
1000115 0.012658228
1000121 0.06329114
1000125 0.03797468
1000132 0.70886075
1000133 0.70886075
1000134 0.70886075
1000142 0.012658228
1000145 0.70886075
1000147 0.70886075
1000152 0.70886075
1000157 0.70886075
1000161 0
1000163 0.012658228
1000168 0.012658228
1000175 0.012658228
1000179 0.025316456
1000182 0.70886075
1000183 0.70886075
1000185 0.70886075
1000189 0.012658228
1000195 0.70886075
1000196 0.70886075
1000202 0.70886075
1000204 0.70886075
1000209 0.70886075
1000214 0.70886075
1000216 0.70886075
1000219 0.70886075
1000224 0.70886075
1000225 0.70886075
1000228 0.70886075
1000233 0.1392405
1000235 0.70886075
1000237 0
1000239 0.050632913
1000243 0.012658228
1000246 0.025316456
1000250 0.012658228
1000253 0
1000255 0.012658228
1000257 0.278481
1000264 0.03797468
1000266 0.050632913
1000268 0.06329114
1000269 0.07594936
1000271 0.012658228
1000274 0.088607594
1000277 0.07594936
1000280 0.07594936
1000283 0.03797468
1000289 0.12658228
1000293 0.025316456
1000299 0.07594936
1000302 0.06329114
1000305 0.06329114
1000308 0.025316456
1000314 0.012658228
1000316 0.012658228
1000137 0
1000158 0
1000164 0
1000166 0
1000169 0
1000170 0
1000172 0
1000173 0
1000176 0
1000178 0
1000186 0
1000187 0
1000267 0
1000284 0
1000294 0
1000309 0
