1000100 0.9861111
1000274 0
1000104 0.013888889
1000108 0.8611111
1000111 0.8472222
1000117 0.013888889
1000124 0.041666668
1000128 0.8194444
1000130 0.8333333
1000135 0.8055556
1000136 0.8055556
1000137 0.8055556
1000145 0.013888889
1000148 0.8055556
1000150 0.8055556
1000155 0.8055556
1000160 0.8055556
1000164 0
1000166 0.013888889
1000171 0.013888889
1000177 0.027777778
1000179 0.013888889
1000183 0.027777778
1000186 0.8055556
1000187 0.8055556
1000189 0.8055556
1000193 0.013888889
1000198 0.8055556
1000200 0.8055556
1000202 0.8055556
1000204 0
1000207 0.8055556
1000208 0.013888889
1000210 0.8055556
1000212 0.8055556
1000217 0.8055556
1000218 0.8055556
1000221 0.8055556
1000226 0.8055556
1000229 0.013888889
1000231 0.027777778
1000233 0.013888889
1000236 0
1000238 0.8055556
1000242 0
1000244 0.013888889
1000248 0.013888889
1000250 0.8055556
1000254 0
1000256 0.013888889
1000260 0
1000262 0.027777778
1000266 0.013888889
1000269 0
1000271 0.013888889
1000272 0.013888889
1000140 0
1000161 0
1000167 0
1000169 0
1000172 0
1000173 0
1000175 0
1000176 0
1000180 0
1000182 0
1000190 0
1000191 0
1000203 0
1000227 0
1000245 0
1000257 0
