1000100 0.98571426
1000293 0
1000104 0.8
1000107 0.78571427
1000111 0.8428571
1000118 0.014285714
1000125 0.071428575
1000129 0.042857144
1000133 0.7285714
1000135 0.7714286
1000140 0.71428573
1000141 0.71428573
1000142 0.71428573
1000150 0.014285714
1000153 0.71428573
1000155 0.71428573
1000160 0.71428573
1000165 0.71428573
1000169 0
1000171 0.014285714
1000176 0.014285714
1000183 0.014285714
1000187 0.028571429
1000190 0.71428573
1000191 0.71428573
1000193 0.71428573
1000197 0.014285714
1000203 0.71428573
1000204 0.71428573
1000210 0.71428573
1000212 0.71428573
1000217 0.71428573
1000222 0.71428573
1000224 0.71428573
1000226 0.71428573
1000228 0.014285714
1000231 0.71428573
1000232 0.014285714
1000234 0.71428573
1000236 0.71428573
1000241 0.71428573
1000242 0.71428573
1000245 0.71428573
1000251 0
1000254 0
1000256 0
1000258 0.057142857
1000262 0.014285714
1000265 0.028571429
1000269 0.014285714
1000272 0
1000274 0.014285714
1000276 0.071428575
1000282 0.042857144
1000285 0.028571429
1000287 0.042857144
1000291 0.014285714
1000145 0
1000166 0
1000172 0
1000174 0
1000177 0
1000178 0
1000180 0
1000181 0
1000184 0
1000186 0
1000194 0
1000195 0
1000227 0
