1000100 0.969697
1000191 0
1000105 0.33333334
1000107 0.36363637
1000110 0.15151516
1000113 0.121212125
1000116 0.121212125
1000119 0.030303031
1000125 0.72727275
1000128 0.6969697
1000131 0.6969697
1000137 0.09090909
1000139 0.121212125
1000141 0.15151516
1000142 0.18181819
1000144 0.030303031
1000147 0.21212122
1000150 0.18181819
1000153 0.18181819
1000156 0.09090909
1000162 0.3030303
1000166 0.060606062
1000172 0.18181819
1000175 0.15151516
1000178 0.15151516
1000181 0.060606062
1000187 0.030303031
1000189 0.030303031
1000122 0
1000140 0
1000157 0
1000167 0
1000182 0
