1000100 0.98245615
1000242 0
1000103 0.14035088
1000105 0.15789473
1000108 0.8947368
1000115 0.01754386
1000121 0.05263158
1000128 0.8245614
1000129 0.8245614
1000130 0.8245614
1000138 0.01754386
1000141 0.8245614
1000143 0.8245614
1000148 0.8245614
1000153 0.8245614
1000157 0
1000159 0.01754386
1000164 0.01754386
1000170 0.03508772
1000172 0.01754386
1000176 0.03508772
1000179 0.8245614
1000180 0.8245614
1000182 0.8245614
1000186 0.01754386
1000191 0.8245614
1000193 0.8245614
1000196 0.8245614
1000201 0.8245614
1000202 0.8245614
1000205 0.8245614
1000210 0.14035088
1000212 0.8245614
1000214 0
1000216 0.03508772
1000220 0.01754386
1000223 0
1000225 0.01754386
1000227 0.12280702
1000232 0.05263158
1000234 0.07017544
1000236 0.0877193
1000238 0.03508772
1000240 0.01754386
1000133 0
1000154 0
1000160 0
1000162 0
1000165 0
1000166 0
1000168 0
1000169 0
1000173 0
1000175 0
1000183 0
1000184 0
1000235 0
