1000100 0.9876543
1000334 0
1000103 0.25925925
1000105 0.27160493
1000108 0.8888889
1000113 0.012345679
1000119 0.061728396
1000123 0.037037037
1000130 0.8148148
1000131 0.8148148
1000132 0.8148148
1000140 0.012345679
1000143 0.8148148
1000145 0.8148148
1000150 0.8148148
1000155 0.8148148
1000159 0
1000161 0.012345679
1000166 0.012345679
1000173 0.012345679
1000177 0.024691358
1000180 0.8148148
1000181 0.8148148
1000183 0.8148148
1000187 0.012345679
1000193 0.8148148
1000194 0.8148148
1000200 0.8148148
1000202 0.8148148
1000207 0.8148148
1000212 0.8148148
1000214 0.8148148
1000217 0.8148148
1000222 0.8148148
1000223 0.8148148
1000226 0.8148148
1000231 0.25925925
1000233 0.8148148
1000235 0
1000237 0.049382716
1000241 0.012345679
1000244 0.024691358
1000248 0.012345679
1000251 0
1000253 0.012345679
1000256 0.25925925
1000260 0.28395063
1000265 0.024691358
1000268 0.11111111
1000272 0.012345679
1000278 0.061728396
1000281 0.049382716
1000284 0.049382716
1000287 0.012345679
1000293 0.012345679
1000300 0.024691358
1000303 0.11111111
1000304 0.13580246
1000307 0.12345679
1000311 0.012345679
1000317 0.061728396
1000320 0.049382716
1000323 0.049382716
1000326 0.012345679
1000332 0.012345679
1000135 0
1000156 0
1000162 0
1000164 0
1000167 0
1000168 0
1000170 0
1000171 0
1000174 0
1000176 0
1000184 0
1000185 0
1000273 0
1000288 0
1000312 0
1000327 0
