1000100 0.98333335
1000270 0
1000103 0.06666667
1000105 0.083333336
1000112 0.016666668
1000118 0.083333336
1000122 0.05
1000129 0.81666666
1000130 0.81666666
1000131 0.81666666
1000139 0.016666668
1000142 0.81666666
1000144 0.81666666
1000149 0.81666666
1000154 0.81666666
1000158 0
1000160 0.016666668
1000165 0.016666668
1000172 0.016666668
1000176 0.033333335
1000179 0.81666666
1000180 0.81666666
1000182 0.81666666
1000186 0.016666668
1000192 0.81666666
1000193 0.81666666
1000199 0.81666666
1000201 0.81666666
1000206 0.81666666
1000211 0.81666666
1000213 0.81666666
1000216 0.81666666
1000221 0.81666666
1000222 0.81666666
1000225 0.81666666
1000230 0.06666667
1000232 0.81666666
1000234 0
1000236 0.06666667
1000240 0.016666668
1000243 0.033333335
1000247 0.016666668
1000250 0
1000252 0.016666668
1000256 0.05
1000260 0.05
1000264 0.033333335
1000268 0.016666668
1000134 0
1000155 0
1000161 0
1000163 0
1000166 0
1000167 0
1000169 0
1000170 0
1000173 0
1000175 0
1000183 0
1000184 0
