1000100 0.9818182
1000247 0
1000103 0.07272727
1000105 0.09090909
1000108 0
1000114 0.018181818
1000120 0.054545455
1000127 0.8
1000128 0.8
1000129 0.8
1000137 0.018181818
1000140 0.8
1000142 0.8
1000147 0.8
1000152 0.8
1000156 0
1000158 0.018181818
1000163 0.018181818
1000169 0.036363635
1000171 0.018181818
1000175 0.036363635
1000178 0.8
1000179 0.8
1000181 0.8
1000185 0.018181818
1000190 0.8
1000192 0.8
1000195 0.8
1000200 0.8
1000201 0.8
1000204 0.8
1000209 0.07272727
1000211 0.8
1000213 0
1000215 0.036363635
1000219 0.018181818
1000222 0
1000224 0.018181818
1000227 0.018181818
1000233 0.054545455
1000237 0.054545455
1000241 0.036363635
1000245 0.018181818
1000132 0
1000153 0
1000159 0
1000161 0
1000164 0
1000165 0
1000167 0
1000168 0
1000172 0
1000174 0
1000182 0
1000183 0
