1000100 0.9714286
1000195 0
1000103 0
1000104 0.74285716
1000108 0
1000113 0.6857143
1000115 0.71428573
1000118 0.62857145
1000119 0.6571429
1000125 0.45714286
1000126 0.4857143
1000127 0.028571429
1000130 0.51428574
1000132 0.54285717
1000138 0.31428573
1000140 0.34285715
1000143 0.17142858
1000144 0.2857143
1000147 0.2
1000150 0.057142857
1000155 0.08571429
1000158 0.028571429
1000164 0.028571429
1000166 0.08571429
1000173 0.028571429
1000177 0
1000181 0
1000182 0.057142857
1000184 0.08571429
1000188 0.028571429
1000192 0.028571429
1000131 0
1000148 0
1000156 0
1000167 0
