1000100 0.9879518
1000315 0
1000103 0
1000104 0.8192771
1000108 0.8674699
1000115 0.012048192
1000122 0.060240965
1000126 0.036144577
1000130 0.79518074
1000132 0.8072289
1000137 0.78313255
1000138 0.78313255
1000139 0.78313255
1000147 0.012048192
1000150 0.78313255
1000152 0.78313255
1000157 0.78313255
1000162 0.78313255
1000166 0
1000168 0.012048192
1000173 0.012048192
1000180 0.012048192
1000184 0.024096385
1000187 0.78313255
1000188 0.78313255
1000190 0.78313255
1000194 0.012048192
1000200 0.78313255
1000201 0.78313255
1000207 0.78313255
1000209 0.78313255
1000214 0.78313255
1000219 0.78313255
1000221 0.78313255
1000223 0.78313255
1000225 0.012048192
1000228 0.78313255
1000229 0.012048192
1000231 0.78313255
1000233 0.78313255
1000238 0.78313255
1000239 0.78313255
1000242 0.78313255
1000247 0.78313255
1000250 0.012048192
1000252 0.024096385
1000254 0.012048192
1000257 0
1000259 0.78313255
1000263 0
1000265 0.012048192
1000269 0.012048192
1000271 0.78313255
1000275 0
1000277 0.012048192
1000281 0
1000283 0.04819277
1000287 0.012048192
1000290 0.024096385
1000294 0.012048192
1000297 0
1000299 0.012048192
1000301 0.04819277
1000306 0
1000307 0.024096385
1000309 0.036144577
1000313 0.012048192
1000142 0
1000163 0
1000169 0
1000171 0
1000174 0
1000175 0
1000177 0
1000178 0
1000181 0
1000183 0
1000191 0
1000192 0
1000224 0
1000248 0
1000266 0
1000278 0
