1000100 0.9811321
1000240 0
1000103 0.0754717
1000105 0.094339624
1000112 0.018867925
1000118 0.056603774
1000125 0.8113208
1000126 0.8113208
1000127 0.8113208
1000135 0.018867925
1000138 0.8113208
1000140 0.8113208
1000145 0.8113208
1000150 0.8113208
1000154 0
1000156 0.018867925
1000161 0.018867925
1000167 0.03773585
1000169 0.018867925
1000173 0.03773585
1000176 0.8113208
1000177 0.8113208
1000179 0.8113208
1000183 0.018867925
1000188 0.8113208
1000190 0.8113208
1000193 0.8113208
1000198 0.8113208
1000199 0.8113208
1000202 0.8113208
1000207 0.0754717
1000209 0.8113208
1000211 0
1000213 0.03773585
1000217 0.018867925
1000220 0
1000222 0.018867925
1000226 0.056603774
1000230 0.056603774
1000234 0.03773585
1000238 0.018867925
1000130 0
1000151 0
1000157 0
1000159 0
1000162 0
1000163 0
1000165 0
1000166 0
1000170 0
1000172 0
1000180 0
1000181 0
