1000100 0.9868421
1000288 0
1000104 0
1000105 0.82894737
1000111 0.013157895
1000118 0.039473683
1000122 0.80263156
1000124 0.81578946
1000129 0.7894737
1000130 0.7894737
1000131 0.7894737
1000139 0.013157895
1000142 0.7894737
1000144 0.7894737
1000149 0.7894737
1000154 0.7894737
1000158 0
1000160 0.013157895
1000165 0.013157895
1000171 0.02631579
1000173 0.013157895
1000177 0.02631579
1000180 0.7894737
1000181 0.7894737
1000183 0.7894737
1000187 0.013157895
1000192 0.7894737
1000194 0.7894737
1000196 0.7894737
1000198 0
1000201 0.7894737
1000202 0.013157895
1000204 0.7894737
1000206 0.7894737
1000211 0.7894737
1000212 0.7894737
1000215 0.7894737
1000220 0.7894737
1000223 0.013157895
1000225 0.02631579
1000227 0.013157895
1000230 0
1000232 0.7894737
1000236 0
1000238 0.013157895
1000242 0.013157895
1000244 0.7894737
1000248 0
1000250 0.013157895
1000254 0
1000256 0.02631579
1000260 0.013157895
1000263 0
1000265 0.013157895
1000266 0.013157895
1000273 0.039473683
1000279 0
1000280 0.02631579
1000282 0.039473683
1000286 0.013157895
1000134 0
1000155 0
1000161 0
1000163 0
1000166 0
1000167 0
1000169 0
1000170 0
1000174 0
1000176 0
1000184 0
1000185 0
1000197 0
1000221 0
1000239 0
1000251 0
