1000100 0.984127
1000266 0
1000105 0.7777778
1000108 0.7619048
1000114 0.015873017
1000121 0.04761905
1000125 0.71428573
1000127 0.74603176
1000132 0.6984127
1000133 0.6984127
1000134 0.6984127
1000142 0.015873017
1000145 0.6984127
1000147 0.6984127
1000152 0.6984127
1000157 0.6984127
1000161 0
1000163 0.015873017
1000168 0.015873017
1000174 0.031746034
1000176 0.015873017
1000180 0.031746034
1000183 0.6984127
1000184 0.6984127
1000186 0.6984127
1000190 0.015873017
1000195 0.6984127
1000197 0.6984127
1000199 0.6984127
1000201 0
1000204 0.6984127
1000205 0.015873017
1000207 0.6984127
1000209 0.6984127
1000214 0.6984127
1000215 0.6984127
1000218 0.6984127
1000224 0
1000227 0
1000229 0
1000231 0.031746034
1000235 0.015873017
1000238 0
1000240 0.015873017
1000241 0.015873017
1000248 0.04761905
1000255 0.04761905
1000258 0.031746034
1000260 0.04761905
1000264 0.015873017
1000137 0
1000158 0
1000164 0
1000166 0
1000169 0
1000170 0
1000172 0
1000173 0
1000177 0
1000179 0
1000187 0
1000188 0
1000200 0
