1000100 0.9879518
1000318 0
1000104 0
1000105 0.8313253
1000111 0.012048192
1000118 0.060240965
1000122 0.036144577
1000126 0.8072289
1000128 0.8192771
1000133 0.79518074
1000134 0.79518074
1000135 0.79518074
1000143 0.012048192
1000146 0.79518074
1000148 0.79518074
1000153 0.79518074
1000158 0.79518074
1000162 0
1000164 0.012048192
1000169 0.012048192
1000176 0.012048192
1000180 0.024096385
1000183 0.79518074
1000184 0.79518074
1000186 0.79518074
1000190 0.012048192
1000196 0.79518074
1000197 0.79518074
1000203 0.79518074
1000205 0.79518074
1000210 0.79518074
1000215 0.79518074
1000217 0.79518074
1000219 0.79518074
1000221 0
1000224 0.79518074
1000225 0.012048192
1000227 0.79518074
1000229 0.79518074
1000234 0.79518074
1000235 0.79518074
1000238 0.79518074
1000243 0.79518074
1000246 0.012048192
1000248 0.024096385
1000250 0.012048192
1000253 0
1000255 0.79518074
1000259 0
1000261 0.012048192
1000265 0.012048192
1000267 0.79518074
1000271 0
1000273 0.012048192
1000277 0
1000279 0.04819277
1000283 0.012048192
1000286 0.024096385
1000290 0.012048192
1000293 0
1000295 0.012048192
1000296 0.012048192
1000303 0.036144577
1000309 0
1000310 0.024096385
1000312 0.036144577
1000316 0.012048192
1000138 0
1000159 0
1000165 0
1000167 0
1000170 0
1000171 0
1000173 0
1000174 0
1000177 0
1000179 0
1000187 0
1000188 0
1000220 0
1000244 0
1000262 0
1000274 0
