1000100 0.9852941
1000293 0
1000103 0.1764706
1000105 0.19117647
1000110 0.014705882
1000116 0.073529415
1000120 0.04411765
1000127 0.8382353
1000128 0.8382353
1000129 0.8382353
1000137 0.014705882
1000140 0.8382353
1000142 0.8382353
1000147 0.8382353
1000152 0.8382353
1000156 0
1000158 0.014705882
1000163 0.014705882
1000170 0.014705882
1000174 0.029411765
1000177 0.8382353
1000178 0.8382353
1000180 0.8382353
1000184 0.014705882
1000190 0.8382353
1000191 0.8382353
1000197 0.8382353
1000199 0.8382353
1000204 0.8382353
1000209 0.8382353
1000211 0.8382353
1000214 0.8382353
1000219 0.8382353
1000220 0.8382353
1000223 0.8382353
1000228 0.1764706
1000230 0.8382353
1000232 0
1000234 0.05882353
1000238 0.014705882
1000241 0.029411765
1000245 0.014705882
1000248 0
1000250 0.014705882
1000253 0.16176471
1000257 0.14705883
1000263 0.029411765
1000266 0.13235295
1000270 0.014705882
1000276 0.073529415
1000279 0.05882353
1000282 0.05882353
1000285 0.014705882
1000291 0.014705882
1000132 0
1000153 0
1000159 0
1000161 0
1000164 0
1000165 0
1000167 0
1000168 0
1000171 0
1000173 0
1000181 0
1000182 0
1000271 0
1000286 0
