1000100 0.98507464
1000286 0
1000104 0.8507463
1000107 0.8358209
1000113 0.014925373
1000120 0.07462686
1000124 0.04477612
1000128 0.7761194
1000130 0.8208955
1000135 0.76119405
1000136 0.76119405
1000137 0.76119405
1000145 0.014925373
1000148 0.76119405
1000150 0.76119405
1000155 0.76119405
1000160 0.76119405
1000164 0
1000166 0.014925373
1000171 0.014925373
1000178 0.014925373
1000182 0.029850746
1000185 0.76119405
1000186 0.76119405
1000188 0.76119405
1000192 0.014925373
1000198 0.76119405
1000199 0.76119405
1000205 0.76119405
1000207 0.76119405
1000212 0.76119405
1000217 0.76119405
1000219 0.76119405
1000221 0.76119405
1000223 0
1000226 0.76119405
1000227 0.014925373
1000229 0.76119405
1000231 0.76119405
1000236 0.76119405
1000237 0.76119405
1000240 0.76119405
1000246 0
1000249 0
1000251 0
1000253 0.05970149
1000257 0.014925373
1000260 0.029850746
1000264 0.014925373
1000267 0
1000269 0.014925373
1000272 0.029850746
1000276 0.014925373
1000279 0.014925373
1000140 0
1000161 0
1000167 0
1000169 0
1000172 0
1000173 0
1000175 0
1000176 0
1000179 0
1000181 0
1000189 0
1000190 0
1000222 0
