1000100 0.98333335
1000255 0
1000105 0.81666666
1000108 0.8
1000114 0.016666668
1000121 0.05
1000125 0.75
1000127 0.78333336
1000132 0.73333335
1000133 0.73333335
1000134 0.73333335
1000142 0.016666668
1000145 0.73333335
1000147 0.73333335
1000152 0.73333335
1000157 0.73333335
1000161 0
1000163 0.016666668
1000168 0.016666668
1000174 0.033333335
1000176 0.016666668
1000180 0.033333335
1000183 0.73333335
1000184 0.73333335
1000186 0.73333335
1000190 0.016666668
1000195 0.73333335
1000197 0.73333335
1000199 0.73333335
1000201 0
1000204 0.73333335
1000205 0.016666668
1000207 0.73333335
1000209 0.73333335
1000214 0.73333335
1000215 0.73333335
1000218 0.73333335
1000224 0
1000227 0
1000229 0
1000231 0.033333335
1000235 0.016666668
1000238 0
1000240 0.016666668
1000241 0.016666668
1000248 0.033333335
1000253 0.016666668
1000137 0
1000158 0
1000164 0
1000166 0
1000169 0
1000170 0
1000172 0
1000173 0
1000177 0
1000179 0
1000187 0
1000188 0
1000200 0
