1000100 0.969697
1000187 0
1000103 0
1000104 0.7878788
1000108 0.7878788
1000114 0.72727275
1000116 0.75757575
1000119 0.6666667
1000120 0.6969697
1000126 0.4848485
1000127 0.5151515
1000128 0.030303031
1000131 0.54545456
1000133 0.57575756
1000139 0.33333334
1000141 0.36363637
1000144 0.18181819
1000145 0.3030303
1000148 0.21212122
1000151 0.060606062
1000156 0.09090909
1000159 0.030303031
1000165 0.030303031
1000167 0.09090909
1000173 0.121212125
1000178 0
1000179 0.060606062
1000181 0.09090909
1000185 0.030303031
1000132 0
1000149 0
1000157 0
1000168 0
