1000100 0.987013
1000289 0
1000105 0.90909094
1000108 0.8961039
1000112 0.8961039
1000115 0.8831169
1000118 0.8831169
1000124 0.012987013
1000131 0.8831169
1000135 0.8831169
1000137 0.8831169
1000142 0.8831169
1000143 0.8831169
1000144 0.8831169
1000152 0.012987013
1000155 0.8831169
1000157 0.8831169
1000162 0.8831169
1000167 0.8831169
1000171 0
1000173 0.012987013
1000178 0.012987013
1000184 0.025974026
1000186 0.012987013
1000190 0.025974026
1000193 0.8831169
1000194 0.8831169
1000196 0.8831169
1000200 0.012987013
1000205 0.8831169
1000207 0.8831169
1000209 0.8831169
1000211 0
1000214 0.8831169
1000215 0.012987013
1000217 0.8831169
1000219 0.8831169
1000224 0.8831169
1000225 0.8831169
1000228 0.8831169
1000233 0.8831169
1000236 0.012987013
1000238 0.025974026
1000240 0.012987013
1000243 0
1000245 0.8831169
1000249 0
1000251 0.012987013
1000255 0.012987013
1000257 0.8831169
1000261 0
1000263 0.012987013
1000267 0
1000269 0.8831169
1000273 0.012987013
1000276 0
1000278 0.012987013
1000280 0.038961038
1000281 0.051948052
1000285 0.012987013
1000287 0.012987013
1000147 0
1000168 0
1000174 0
1000176 0
1000179 0
1000180 0
1000182 0
1000183 0
1000187 0
1000189 0
1000197 0
1000198 0
1000210 0
1000234 0
1000252 0
1000264 0
