1000100 0.99029124
1000382 0
1000103 0.22330096
1000105 0.23300971
1000108 0.7184466
1000113 0.009708738
1000119 0.048543688
1000123 0.029126214
1000130 0.66019416
1000131 0.66019416
1000132 0.66019416
1000140 0.009708738
1000143 0.66019416
1000145 0.66019416
1000150 0.66019416
1000155 0.66019416
1000159 0
1000161 0.009708738
1000166 0.009708738
1000173 0.009708738
1000177 0.019417476
1000180 0.66019416
1000181 0.66019416
1000183 0.66019416
1000187 0.009708738
1000193 0.66019416
1000194 0.66019416
1000200 0.66019416
1000202 0.66019416
1000207 0.66019416
1000212 0.66019416
1000214 0.66019416
1000217 0.66019416
1000222 0.66019416
1000223 0.66019416
1000226 0.66019416
1000231 0.22330096
1000233 0.66019416
1000235 0
1000237 0.03883495
1000241 0.009708738
1000244 0.019417476
1000248 0.009708738
1000251 0
1000253 0.009708738
1000256 0.22330096
1000260 0.4368932
1000265 0.029126214
1000267 0.03883495
1000269 0.048543688
1000270 0.058252428
1000272 0.009708738
1000275 0.067961164
1000278 0.058252428
1000281 0.058252428
1000284 0.029126214
1000290 0.097087376
1000294 0.019417476
1000300 0.058252428
1000303 0.048543688
1000306 0.048543688
1000309 0.019417476
1000315 0.009708738
1000317 0.009708738
1000324 0.029126214
1000326 0.03883495
1000328 0.048543688
1000329 0.058252428
1000331 0.009708738
1000334 0.067961164
1000337 0.058252428
1000340 0.058252428
1000343 0.029126214
1000349 0.097087376
1000350 0.116504855
1000353 0.106796116
1000357 0.019417476
1000363 0.058252428
1000366 0.048543688
1000369 0.048543688
1000372 0.019417476
1000378 0.009708738
1000380 0.009708738
1000135 0
1000156 0
1000162 0
1000164 0
1000167 0
1000168 0
1000170 0
1000171 0
1000174 0
1000176 0
1000184 0
1000185 0
1000268 0
1000285 0
1000295 0
1000310 0
1000327 0
1000344 0
1000358 0
1000373 0
