1000100 0.9868421
1000285 0
1000103 0
1000104 0.81578946
1000108 0.8815789
1000115 0.013157895
1000122 0.039473683
1000126 0.7894737
1000128 0.80263156
1000133 0.7763158
1000134 0.7763158
1000135 0.7763158
1000143 0.013157895
1000146 0.7763158
1000148 0.7763158
1000153 0.7763158
1000158 0.7763158
1000162 0
1000164 0.013157895
1000169 0.013157895
1000175 0.02631579
1000177 0.013157895
1000181 0.02631579
1000184 0.7763158
1000185 0.7763158
1000187 0.7763158
1000191 0.013157895
1000196 0.7763158
1000198 0.7763158
1000200 0.7763158
1000202 0.013157895
1000205 0.7763158
1000206 0.013157895
1000208 0.7763158
1000210 0.7763158
1000215 0.7763158
1000216 0.7763158
1000219 0.7763158
1000224 0.7763158
1000227 0.013157895
1000229 0.02631579
1000231 0.013157895
1000234 0
1000236 0.7763158
1000240 0
1000242 0.013157895
1000246 0.013157895
1000248 0.7763158
1000252 0
1000254 0.013157895
1000258 0
1000260 0.02631579
1000264 0.013157895
1000267 0
1000269 0.013157895
1000271 0.05263158
1000276 0
1000277 0.02631579
1000279 0.039473683
1000283 0.013157895
1000138 0
1000159 0
1000165 0
1000167 0
1000170 0
1000171 0
1000173 0
1000174 0
1000178 0
1000180 0
1000188 0
1000189 0
1000201 0
1000225 0
1000243 0
1000255 0
