1000100 0.98717946
1000298 0
1000103 0
1000104 0.85897434
1000110 0.012820513
1000117 0.06410257
1000121 0.03846154
1000125 0.8333333
1000127 0.84615386
1000132 0.82051283
1000133 0.82051283
1000134 0.82051283
1000142 0.012820513
1000145 0.82051283
1000147 0.82051283
1000152 0.82051283
1000157 0.82051283
1000161 0
1000163 0.012820513
1000168 0.012820513
1000175 0.012820513
1000179 0.025641026
1000182 0.82051283
1000183 0.82051283
1000185 0.82051283
1000189 0.012820513
1000195 0.82051283
1000196 0.82051283
1000202 0.82051283
1000204 0.82051283
1000209 0.82051283
1000214 0.82051283
1000216 0.82051283
1000218 0.82051283
1000220 0
1000223 0.82051283
1000224 0.012820513
1000226 0.82051283
1000228 0.82051283
1000233 0.82051283
1000234 0.82051283
1000237 0.82051283
1000242 0.82051283
1000245 0.012820513
1000247 0.025641026
1000249 0.012820513
1000252 0
1000254 0.82051283
1000258 0
1000260 0.012820513
1000264 0.012820513
1000266 0.82051283
1000270 0
1000272 0.012820513
1000276 0
1000278 0.051282052
1000282 0.012820513
1000285 0.025641026
1000289 0.012820513
1000292 0
1000294 0.012820513
1000295 0.012820513
1000137 0
1000158 0
1000164 0
1000166 0
1000169 0
1000170 0
1000172 0
1000173 0
1000176 0
1000178 0
1000186 0
1000187 0
1000219 0
1000243 0
1000261 0
1000273 0
