1000100 0.984127
1000279 0
1000104 0.06349207
1000106 0.07936508
1000109 0.8888889
1000112 0.8730159
1000115 0.8730159
1000121 0.015873017
1000127 0.8730159
1000131 0.8730159
1000138 0.8730159
1000139 0.8730159
1000140 0.8730159
1000148 0.015873017
1000151 0.8730159
1000153 0.8730159
1000158 0.8730159
1000163 0.8730159
1000167 0
1000169 0.015873017
1000174 0.015873017
1000181 0.015873017
1000185 0.031746034
1000188 0.8730159
1000189 0.8730159
1000191 0.8730159
1000195 0.015873017
1000201 0.8730159
1000202 0.8730159
1000208 0.8730159
1000210 0.8730159
1000215 0.8730159
1000220 0.8730159
1000222 0.8730159
1000225 0.8730159
1000230 0.8730159
1000231 0.8730159
1000234 0.8730159
1000239 0.06349207
1000241 0.8730159
1000243 0
1000245 0.8730159
1000249 0.015873017
1000252 0.8730159
1000256 0.015873017
1000259 0
1000261 0.015873017
1000265 0.04761905
1000269 0.04761905
1000273 0.031746034
1000277 0.015873017
1000143 0
1000164 0
1000170 0
1000172 0
1000175 0
1000176 0
1000178 0
1000179 0
1000182 0
1000184 0
1000192 0
1000193 0
