1000100 0.97727275
1000190 0
1000103 0.022727273
1000107 0.72727275
1000109 0.59090906
1000111 0.6136364
1000116 0.59090906
1000118 0.6136364
1000122 0.77272725
1000126 0.22727273
1000128 0.25
1000129 0.27272728
1000133 0.11363637
1000135 0.13636364
1000137 0.1590909
1000138 0
1000142 0.09090909
1000145 0.022727273
1000148 0.022727273
1000149 0.06818182
1000152 0.022727273
1000158 0.25
1000160 0.27272728
1000161 0.29545453
1000165 0.11363637
1000167 0.13636364
1000169 0.1590909
1000170 0
1000173 0
1000175 0.09090909
1000178 0.11363637
1000179 0.022727273
1000182 0.022727273
1000184 0.022727273
1000185 0.06818182
1000188 0.022727273
1000112 0
1000119 0
1000130 0
1000136 0
1000150 0
1000162 0
1000168 0
1000186 0
