1000100 0.98333335
1000256 0
1000104 0.81666666
1000107 0.8
1000111 0
1000117 0.016666668
1000124 0.05
1000128 0.76666665
1000130 0.78333336
1000135 0.75
1000136 0.75
1000137 0.75
1000145 0.016666668
1000148 0.75
1000150 0.75
1000155 0.75
1000160 0.75
1000164 0
1000166 0.016666668
1000171 0.016666668
1000177 0.033333335
1000179 0.016666668
1000183 0.033333335
1000186 0.75
1000187 0.75
1000189 0.75
1000193 0.016666668
1000198 0.75
1000200 0.75
1000202 0.75
1000204 0.016666668
1000207 0.75
1000208 0.016666668
1000210 0.75
1000212 0.75
1000217 0.75
1000218 0.75
1000221 0.75
1000227 0
1000230 0
1000232 0
1000234 0.033333335
1000238 0.016666668
1000241 0
1000243 0.016666668
1000246 0.016666668
1000249 0.016666668
1000140 0
1000161 0
1000167 0
1000169 0
1000172 0
1000173 0
1000175 0
1000176 0
1000180 0
1000182 0
1000190 0
1000191 0
1000203 0
