1000100 0.9846154
1000276 0
1000103 0.12307692
1000105 0.13846155
1000108 0
1000114 0.015384615
1000120 0.07692308
1000124 0.046153847
1000131 0.83076924
1000132 0.83076924
1000133 0.83076924
1000141 0.015384615
1000144 0.83076924
1000146 0.83076924
1000151 0.83076924
1000156 0.83076924
1000160 0
1000162 0.015384615
1000167 0.015384615
1000174 0.015384615
1000178 0.03076923
1000181 0.83076924
1000182 0.83076924
1000184 0.83076924
1000188 0.015384615
1000194 0.83076924
1000195 0.83076924
1000201 0.83076924
1000203 0.83076924
1000208 0.83076924
1000213 0.83076924
1000215 0.83076924
1000218 0.83076924
1000223 0.83076924
1000224 0.83076924
1000227 0.83076924
1000232 0.12307692
1000234 0.83076924
1000236 0
1000238 0.06153846
1000242 0.015384615
1000245 0.03076923
1000249 0.015384615
1000252 0
1000254 0.015384615
1000257 0.015384615
1000261 0.10769231
1000266 0.046153847
1000268 0.06153846
1000270 0.07692308
1000272 0.03076923
1000274 0.015384615
1000136 0
1000157 0
1000163 0
1000165 0
1000168 0
1000169 0
1000171 0
1000172 0
1000175 0
1000177 0
1000185 0
1000186 0
1000269 0
