1000100 0.969697
1000190 0
1000104 0
1000105 0.8181818
1000110 0.75757575
1000112 0.7878788
1000115 0.6969697
1000116 0.72727275
1000122 0.5151515
1000123 0.54545456
1000124 0
1000127 0.57575756
1000129 0.6060606
1000135 0.36363637
1000137 0.3939394
1000140 0.21212122
1000141 0.33333334
1000144 0.24242425
1000147 0.060606062
1000152 0.121212125
1000155 0.030303031
1000161 0.030303031
1000163 0.121212125
1000168 0.030303031
1000175 0.09090909
1000181 0
1000182 0.060606062
1000184 0.09090909
1000188 0.030303031
1000128 0
1000145 0
1000153 0
1000164 0
