1000100 0.984127
1000268 0
1000104 0.015873017
1000109 0.015873017
1000114 0.031746034
1000117 0.015873017
1000122 0.7619048
1000129 0.015873017
1000136 0.04761905
1000140 0.71428573
1000142 0.74603176
1000147 0.6984127
1000148 0.6984127
1000149 0.6984127
1000157 0.015873017
1000160 0.6984127
1000162 0.6984127
1000167 0.6984127
1000172 0.6984127
1000176 0
1000178 0.015873017
1000183 0.015873017
1000189 0.031746034
1000191 0.015873017
1000195 0.031746034
1000198 0.6984127
1000199 0.6984127
1000201 0.6984127
1000205 0.015873017
1000210 0.6984127
1000212 0.6984127
1000214 0.6984127
1000216 0
1000219 0.6984127
1000220 0.015873017
1000222 0.6984127
1000224 0.6984127
1000229 0.6984127
1000230 0.6984127
1000233 0.6984127
1000239 0
1000242 0
1000244 0
1000246 0.031746034
1000250 0.015873017
1000253 0
1000255 0.015873017
1000256 0.015873017
1000262 0.031746034
1000266 0.015873017
1000152 0
1000173 0
1000179 0
1000181 0
1000184 0
1000185 0
1000187 0
1000188 0
1000192 0
1000194 0
1000202 0
1000203 0
1000215 0
