1000100 0.9846154
1000276 0
1000103 0.15384616
1000105 0.16923077
1000110 0.015384615
1000116 0.07692308
1000120 0.046153847
1000127 0.84615386
1000128 0.84615386
1000129 0.84615386
1000137 0.015384615
1000140 0.84615386
1000142 0.84615386
1000147 0.84615386
1000152 0.84615386
1000156 0
1000158 0.015384615
1000163 0.015384615
1000170 0.015384615
1000174 0.03076923
1000177 0.84615386
1000178 0.84615386
1000180 0.84615386
1000184 0.015384615
1000190 0.84615386
1000191 0.84615386
1000197 0.84615386
1000199 0.84615386
1000204 0.84615386
1000209 0.84615386
1000211 0.84615386
1000214 0.84615386
1000219 0.84615386
1000220 0.84615386
1000223 0.84615386
1000228 0.15384616
1000230 0.84615386
1000232 0
1000234 0.06153846
1000238 0.015384615
1000241 0.03076923
1000245 0.015384615
1000248 0
1000250 0.015384615
1000253 0.13846155
1000257 0.12307692
1000261 0.10769231
1000266 0.046153847
1000268 0.06153846
1000270 0.07692308
1000272 0.03076923
1000274 0.015384615
1000132 0
1000153 0
1000159 0
1000161 0
1000164 0
1000165 0
1000167 0
1000168 0
1000171 0
1000173 0
1000181 0
1000182 0
1000269 0
