1000100 0.972973
1000191 0
1000103 0.027027028
1000107 0.8108108
1000111 0.24324325
1000113 0.27027026
1000115 0.2972973
1000116 0.3243243
1000118 0.027027028
1000120 0.21621622
1000123 0.24324325
1000126 0.13513513
1000129 0
1000133 0.08108108
1000135 0.10810811
1000142 0.21621622
1000144 0.24324325
1000146 0.27027026
1000147 0.2972973
1000149 0.027027028
1000151 0.1891892
1000154 0.21621622
1000157 0.10810811
1000160 0
1000164 0.08108108
1000169 0.10810811
1000172 0.13513513
1000173 0.16216215
1000177 0.08108108
1000180 0.027027028
1000181 0.054054055
1000186 0.054054055
1000189 0.027027028
1000114 0
1000127 0
1000145 0
1000158 0
