1000100 0.9848485
1000282 0
1000104 0.8333333
1000107 0.8181818
1000111 0.8787879
1000118 0.015151516
1000125 0.07575758
1000129 0.045454547
1000133 0.7878788
1000135 0.8030303
1000140 0.77272725
1000141 0.77272725
1000142 0.77272725
1000150 0.015151516
1000153 0.77272725
1000155 0.77272725
1000160 0.77272725
1000165 0.77272725
1000169 0
1000171 0.015151516
1000176 0.015151516
1000183 0.015151516
1000187 0.030303031
1000190 0.77272725
1000191 0.77272725
1000193 0.77272725
1000197 0.015151516
1000203 0.77272725
1000204 0.77272725
1000210 0.77272725
1000212 0.77272725
1000217 0.77272725
1000222 0.77272725
1000224 0.77272725
1000226 0.77272725
1000228 0.015151516
1000231 0.77272725
1000232 0.015151516
1000234 0.77272725
1000236 0.77272725
1000241 0.77272725
1000242 0.77272725
1000245 0.77272725
1000251 0
1000254 0
1000256 0
1000258 0.060606062
1000262 0.015151516
1000265 0.030303031
1000269 0.015151516
1000272 0
1000274 0.015151516
1000275 0.015151516
1000145 0
1000166 0
1000172 0
1000174 0
1000177 0
1000178 0
1000180 0
1000181 0
1000184 0
1000186 0
1000194 0
1000195 0
1000227 0
