1000100 0.98734176
1000301 0
1000104 0.012658228
1000107 0
1000108 0.84810126
1000114 0.012658228
1000121 0.06329114
1000125 0.03797468
1000129 0.8227848
1000131 0.835443
1000136 0.8101266
1000137 0.8101266
1000138 0.8101266
1000146 0.012658228
1000149 0.8101266
1000151 0.8101266
1000156 0.8101266
1000161 0.8101266
1000165 0
1000167 0.012658228
1000172 0.012658228
1000179 0.012658228
1000183 0.025316456
1000186 0.8101266
1000187 0.8101266
1000189 0.8101266
1000193 0.012658228
1000199 0.8101266
1000200 0.8101266
1000206 0.8101266
1000208 0.8101266
1000213 0.8101266
1000218 0.8101266
1000220 0.8101266
1000222 0.8101266
1000224 0
1000227 0.8101266
1000228 0.012658228
1000230 0.8101266
1000232 0.8101266
1000237 0.8101266
1000238 0.8101266
1000241 0.8101266
1000246 0.8101266
1000249 0.012658228
1000251 0.025316456
1000253 0.012658228
1000256 0
1000258 0.8101266
1000262 0
1000264 0.012658228
1000268 0.012658228
1000270 0.8101266
1000274 0
1000276 0.012658228
1000280 0
1000282 0.050632913
1000286 0.012658228
1000289 0.025316456
1000293 0.012658228
1000296 0
1000298 0.012658228
1000299 0.012658228
1000141 0
1000162 0
1000168 0
1000170 0
1000173 0
1000174 0
1000176 0
1000177 0
1000180 0
1000182 0
1000190 0
1000191 0
1000223 0
1000247 0
1000265 0
1000277 0
