1000100 0.98275864
1000250 0
1000104 0.03448276
1000106 0.05172414
1000111 0.01724138
1000117 0.05172414
1000124 0.70689654
1000125 0.70689654
1000126 0.70689654
1000134 0.01724138
1000137 0.70689654
1000139 0.70689654
1000144 0.70689654
1000149 0.70689654
1000153 0
1000155 0.01724138
1000160 0.01724138
1000166 0.03448276
1000168 0.01724138
1000172 0.03448276
1000175 0.70689654
1000176 0.70689654
1000178 0.70689654
1000182 0.01724138
1000187 0.70689654
1000189 0.70689654
1000192 0.70689654
1000197 0.70689654
1000198 0.70689654
1000201 0.70689654
1000206 0.03448276
1000208 0.70689654
1000210 0
1000212 0.03448276
1000216 0.01724138
1000219 0
1000221 0.01724138
1000222 0.01724138
1000229 0.13793103
1000235 0.12068965
1000240 0.05172414
1000242 0.06896552
1000244 0.0862069
1000246 0.03448276
1000248 0.01724138
1000129 0
1000150 0
1000156 0
1000158 0
1000161 0
1000162 0
1000164 0
1000165 0
1000169 0
1000171 0
1000179 0
1000180 0
1000243 0
