1000100 0.9864865
1000279 0
1000103 0
1000104 0.8378378
1000112 0.013513514
1000119 0.04054054
1000123 0.8108108
1000125 0.8243243
1000130 0.7972973
1000131 0.7972973
1000132 0.7972973
1000140 0.013513514
1000143 0.7972973
1000145 0.7972973
1000150 0.7972973
1000155 0.7972973
1000159 0
1000161 0.013513514
1000166 0.013513514
1000172 0.027027028
1000174 0.013513514
1000178 0.027027028
1000181 0.7972973
1000182 0.7972973
1000184 0.7972973
1000188 0.013513514
1000193 0.7972973
1000195 0.7972973
1000197 0.7972973
1000199 0
1000202 0.7972973
1000203 0.013513514
1000205 0.7972973
1000207 0.7972973
1000212 0.7972973
1000213 0.7972973
1000216 0.7972973
1000221 0.7972973
1000224 0.013513514
1000226 0.027027028
1000228 0.013513514
1000231 0
1000233 0.7972973
1000237 0
1000239 0.013513514
1000243 0.013513514
1000245 0.7972973
1000249 0
1000251 0.013513514
1000255 0
1000257 0.027027028
1000261 0.013513514
1000264 0
1000266 0.013513514
1000270 0
1000271 0.027027028
1000273 0.04054054
1000277 0.013513514
1000135 0
1000156 0
1000162 0
1000164 0
1000167 0
1000168 0
1000170 0
1000171 0
1000175 0
1000177 0
1000185 0
1000186 0
1000198 0
1000222 0
1000240 0
1000252 0
