1000100 0.9677419
1000179 0
1000103 0.48387095
1000105 0.516129
1000107 0.5483871
1000108 0.58064514
1000110 0.032258064
1000113 0.67741936
1000115 0.38709676
1000118 0.41935483
1000121 0.32258064
1000124 0
1000130 0.38709676
1000133 0.41935483
1000136 0.32258064
1000139 0
1000144 0
1000147 0.19354838
1000149 0.29032257
1000152 0.19354838
1000155 0.16129032
1000158 0.16129032
1000161 0.032258064
1000168 0.032258064
1000171 0
1000175 0.06451613
1000177 0.032258064
1000122 0
1000137 0
1000162 0
1000165 0
