1000100 0.98333335
1000251 0
1000104 0.85
1000107 0.8333333
1000113 0.016666668
1000120 0.05
1000124 0.75
1000126 0.81666666
1000131 0.73333335
1000132 0.73333335
1000133 0.73333335
1000141 0.016666668
1000144 0.73333335
1000146 0.73333335
1000151 0.73333335
1000156 0.73333335
1000160 0
1000162 0.016666668
1000167 0.016666668
1000173 0.033333335
1000175 0.016666668
1000179 0.033333335
1000182 0.73333335
1000183 0.73333335
1000185 0.73333335
1000189 0.016666668
1000194 0.73333335
1000196 0.73333335
1000198 0.73333335
1000200 0
1000203 0.73333335
1000204 0.016666668
1000206 0.73333335
1000208 0.73333335
1000213 0.73333335
1000214 0.73333335
1000217 0.73333335
1000223 0
1000226 0
1000228 0
1000230 0.033333335
1000234 0.016666668
1000237 0
1000239 0.016666668
1000242 0.05
1000246 0.033333335
1000249 0.016666668
1000136 0
1000157 0
1000163 0
1000165 0
1000168 0
1000169 0
1000171 0
1000172 0
1000176 0
1000178 0
1000186 0
1000187 0
1000199 0
