1000100 0.98571426
1000303 0
1000104 0.014285714
1000109 0.014285714
1000114 0.028571429
1000117 0.014285714
1000122 0.78571427
1000129 0.014285714
1000136 0.071428575
1000140 0.042857144
1000144 0.74285716
1000146 0.7714286
1000151 0.7285714
1000152 0.7285714
1000153 0.7285714
1000161 0.014285714
1000164 0.7285714
1000166 0.7285714
1000171 0.7285714
1000176 0.7285714
1000180 0
1000182 0.014285714
1000187 0.014285714
1000194 0.014285714
1000198 0.028571429
1000201 0.7285714
1000202 0.7285714
1000204 0.7285714
1000208 0.014285714
1000214 0.7285714
1000215 0.7285714
1000221 0.7285714
1000223 0.7285714
1000228 0.7285714
1000233 0.7285714
1000235 0.7285714
1000237 0.7285714
1000239 0
1000242 0.7285714
1000243 0.014285714
1000245 0.7285714
1000247 0.7285714
1000252 0.7285714
1000253 0.7285714
1000256 0.7285714
1000262 0
1000265 0
1000267 0
1000269 0.057142857
1000273 0.014285714
1000276 0.028571429
1000280 0.014285714
1000283 0
1000285 0.014285714
1000286 0.014285714
1000292 0.014285714
1000296 0.014285714
1000156 0
1000177 0
1000183 0
1000185 0
1000188 0
1000189 0
1000191 0
1000192 0
1000195 0
1000197 0
1000205 0
1000206 0
1000238 0
