1000100 0.9852941
1000282 0
1000104 0.85294116
1000107 0.8382353
1000115 0.014705882
1000122 0.073529415
1000126 0.04411765
1000130 0.75
1000132 0.8235294
1000137 0.7352941
1000138 0.7352941
1000139 0.7352941
1000147 0.014705882
1000150 0.7352941
1000152 0.7352941
1000157 0.7352941
1000162 0.7352941
1000166 0
1000168 0.014705882
1000173 0.014705882
1000180 0.014705882
1000184 0.029411765
1000187 0.7352941
1000188 0.7352941
1000190 0.7352941
1000194 0.014705882
1000200 0.7352941
1000201 0.7352941
1000207 0.7352941
1000209 0.7352941
1000214 0.7352941
1000219 0.7352941
1000221 0.7352941
1000223 0.7352941
1000225 0
1000228 0.7352941
1000229 0.014705882
1000231 0.7352941
1000233 0.7352941
1000238 0.7352941
1000239 0.7352941
1000242 0.7352941
1000248 0
1000251 0
1000253 0
1000255 0.05882353
1000259 0.014705882
1000262 0.029411765
1000266 0.014705882
1000269 0
1000271 0.014705882
1000273 0.04411765
1000274 0.05882353
1000278 0.014705882
1000280 0.014705882
1000142 0
1000163 0
1000169 0
1000171 0
1000174 0
1000175 0
1000177 0
1000178 0
1000181 0
1000183 0
1000191 0
1000192 0
1000224 0
