1000100 0.9866667
1000281 0
1000104 0.8666667
1000107 0.85333335
1000111 0
1000116 0.013333334
1000123 0.04
1000127 0.82666665
1000129 0.84
1000134 0.81333333
1000135 0.81333333
1000136 0.81333333
1000144 0.013333334
1000147 0.81333333
1000149 0.81333333
1000154 0.81333333
1000159 0.81333333
1000163 0
1000165 0.013333334
1000170 0.013333334
1000176 0.026666667
1000178 0.013333334
1000182 0.026666667
1000185 0.81333333
1000186 0.81333333
1000188 0.81333333
1000192 0.013333334
1000197 0.81333333
1000199 0.81333333
1000201 0.81333333
1000203 0
1000206 0.81333333
1000207 0.013333334
1000209 0.81333333
1000211 0.81333333
1000216 0.81333333
1000217 0.81333333
1000220 0.81333333
1000225 0.81333333
1000228 0.013333334
1000230 0.026666667
1000232 0.013333334
1000235 0
1000237 0.81333333
1000241 0
1000243 0.013333334
1000247 0.013333334
1000249 0.81333333
1000253 0
1000255 0.013333334
1000259 0
1000261 0.026666667
1000265 0.013333334
1000268 0
1000270 0.013333334
1000272 0.04
1000273 0.053333335
1000277 0.013333334
1000279 0.013333334
1000139 0
1000160 0
1000166 0
1000168 0
1000171 0
1000172 0
1000174 0
1000175 0
1000179 0
1000181 0
1000189 0
1000190 0
1000202 0
1000226 0
1000244 0
1000256 0
