1000100 0.984375
1000272 0
1000103 0.125
1000105 0.140625
1000108 0.90625
1000115 0.015625
1000121 0.078125
1000125 0.046875
1000132 0.828125
1000133 0.828125
1000134 0.828125
1000142 0.015625
1000145 0.828125
1000147 0.828125
1000152 0.828125
1000157 0.828125
1000161 0
1000163 0.015625
1000168 0.015625
1000175 0.015625
1000179 0.03125
1000182 0.828125
1000183 0.828125
1000185 0.828125
1000189 0.015625
1000195 0.828125
1000196 0.828125
1000202 0.828125
1000204 0.828125
1000209 0.828125
1000214 0.828125
1000216 0.828125
1000219 0.828125
1000224 0.828125
1000225 0.828125
1000228 0.828125
1000233 0.125
1000235 0.828125
1000237 0
1000239 0.0625
1000243 0.015625
1000246 0.03125
1000250 0.015625
1000253 0
1000255 0.015625
1000257 0.109375
1000262 0.046875
1000264 0.0625
1000266 0.078125
1000268 0.03125
1000270 0.015625
1000137 0
1000158 0
1000164 0
1000166 0
1000169 0
1000170 0
1000172 0
1000173 0
1000176 0
1000178 0
1000186 0
1000187 0
1000265 0
