1000100 0.9836066
1000225 0
1000103 0.016393442
1000107 0.8032787
1000111 0.4918033
1000113 0.5081967
1000115 0.52459013
1000116 0.5409836
1000118 0.016393442
1000120 0.47540984
1000123 0.4918033
1000126 0.45901638
1000129 0
1000133 0.4262295
1000135 0.44262296
1000142 0.45901638
1000144 0.47540984
1000146 0.4918033
1000147 0.5081967
1000149 0.016393442
1000151 0.4262295
1000153 0.44262296
1000157 0.55737704
1000161 0.16393442
1000163 0.18032786
1000164 0.19672132
1000168 0.08196721
1000170 0.09836066
1000172 0.114754096
1000173 0
1000177 0.06557377
1000180 0.016393442
1000183 0.016393442
1000184 0.04918033
1000187 0.016393442
1000193 0.18032786
1000195 0.19672132
1000196 0.21311475
1000200 0.08196721
1000202 0.09836066
1000204 0.114754096
1000205 0
1000208 0
1000210 0.06557377
1000213 0.08196721
1000214 0.016393442
1000217 0.016393442
1000219 0.016393442
1000220 0.04918033
1000223 0.016393442
1000114 0
1000127 0
1000136 0
1000145 0
1000154 0
1000165 0
1000171 0
1000185 0
1000197 0
1000203 0
1000221 0
