1000100 0.974359
1000198 0
1000103 0.025641026
1000107 0.7948718
1000111 0.25641027
1000113 0.2820513
1000115 0.30769232
1000116 0.33333334
1000118 0
1000120 0.23076923
1000123 0.25641027
1000126 0.12820514
1000129 0
1000133 0.07692308
1000135 0.102564104
1000142 0.23076923
1000144 0.25641027
1000146 0.2820513
1000147 0.30769232
1000149 0
1000151 0.20512821
1000154 0.23076923
1000157 0.102564104
1000160 0
1000164 0.07692308
1000169 0.12820514
1000172 0.15384616
1000175 0.07692308
1000178 0
1000182 0.051282052
1000185 0.07692308
1000187 0.025641026
1000189 0.051282052
1000192 0
1000196 0.025641026
1000114 0
1000127 0
1000145 0
1000158 0
