1000100 0.96666664
1000193 0
1000103 0.033333335
1000105 0.06666667
1000108 0.76666665
1000110 0.7
1000115 0.7
1000119 0.76666665
1000124 0.06666667
1000127 0.3
1000131 0.033333335
1000137 0.16666667
1000140 0.13333334
1000143 0.13333334
1000146 0.033333335
1000152 0.033333335
1000159 0.06666667
1000162 0.3
1000163 0.36666667
1000166 0.33333334
1000170 0.033333335
1000176 0.16666667
1000179 0.13333334
1000182 0.13333334
1000185 0.033333335
1000191 0.033333335
1000132 0
1000147 0
1000171 0
1000186 0
