1000100 0.98734176
1000304 0
1000104 0.012658228
1000109 0.012658228
1000114 0.025316456
1000117 0.012658228
1000122 0.8227848
1000129 0.012658228
1000136 0.03797468
1000140 0.79746836
1000142 0.8101266
1000147 0.7848101
1000148 0.7848101
1000149 0.7848101
1000157 0.012658228
1000160 0.7848101
1000162 0.7848101
1000167 0.7848101
1000172 0.7848101
1000176 0
1000178 0.012658228
1000183 0.012658228
1000189 0.025316456
1000191 0.012658228
1000195 0.025316456
1000198 0.7848101
1000199 0.7848101
1000201 0.7848101
1000205 0.012658228
1000210 0.7848101
1000212 0.7848101
1000214 0.7848101
1000216 0
1000219 0.7848101
1000220 0.012658228
1000222 0.7848101
1000224 0.7848101
1000229 0.7848101
1000230 0.7848101
1000233 0.7848101
1000238 0.7848101
1000241 0.012658228
1000243 0.025316456
1000245 0.012658228
1000248 0
1000250 0.7848101
1000254 0
1000256 0.012658228
1000260 0.012658228
1000262 0.7848101
1000266 0
1000268 0.012658228
1000272 0
1000274 0.025316456
1000278 0.012658228
1000281 0
1000283 0.012658228
1000284 0.012658228
1000290 0.06329114
1000295 0.03797468
1000296 0.050632913
1000300 0.012658228
1000302 0.012658228
1000152 0
1000173 0
1000179 0
1000181 0
1000184 0
1000185 0
1000187 0
1000188 0
1000192 0
1000194 0
1000202 0
1000203 0
1000215 0
1000239 0
1000257 0
1000269 0
