1000100 0.98214287
1000248 0
1000103 0.071428575
1000105 0.08928572
1000108 0.875
1000113 0.017857144
1000119 0.05357143
1000126 0.76785713
1000127 0.76785713
1000128 0.76785713
1000136 0.017857144
1000139 0.76785713
1000141 0.76785713
1000146 0.76785713
1000151 0.76785713
1000155 0
1000157 0.017857144
1000162 0.017857144
1000168 0.035714287
1000170 0.017857144
1000174 0.035714287
1000177 0.76785713
1000178 0.76785713
1000180 0.76785713
1000184 0.017857144
1000189 0.76785713
1000191 0.76785713
1000194 0.76785713
1000199 0.76785713
1000200 0.76785713
1000203 0.76785713
1000208 0.071428575
1000210 0.76785713
1000212 0
1000214 0.035714287
1000218 0.017857144
1000221 0
1000223 0.017857144
1000226 0.071428575
1000228 0.08928572
1000234 0.05357143
1000238 0.05357143
1000242 0.035714287
1000246 0.017857144
1000131 0
1000152 0
1000158 0
1000160 0
1000163 0
1000164 0
1000166 0
1000167 0
1000171 0
1000173 0
1000181 0
1000182 0
