1000100 0.9830508
1000247 0
1000103 0.13559322
1000105 0.15254237
1000108 0.89830506
1000113 0.016949153
1000119 0.050847456
1000126 0.7966102
1000127 0.7966102
1000128 0.7966102
1000136 0.016949153
1000139 0.7966102
1000141 0.7966102
1000146 0.7966102
1000151 0.7966102
1000155 0
1000157 0.016949153
1000162 0.016949153
1000168 0.033898305
1000170 0.016949153
1000174 0.033898305
1000177 0.7966102
1000178 0.7966102
1000180 0.7966102
1000184 0.016949153
1000189 0.7966102
1000191 0.7966102
1000194 0.7966102
1000199 0.7966102
1000200 0.7966102
1000203 0.7966102
1000208 0.13559322
1000210 0.7966102
1000212 0
1000214 0.033898305
1000218 0.016949153
1000221 0
1000223 0.016949153
1000226 0.13559322
1000228 0.15254237
1000232 0.118644066
1000237 0.050847456
1000239 0.06779661
1000241 0.084745765
1000243 0.033898305
1000245 0.016949153
1000131 0
1000152 0
1000158 0
1000160 0
1000163 0
1000164 0
1000166 0
1000167 0
1000171 0
1000173 0
1000181 0
1000182 0
1000240 0
