1000100 0.9846154
1000272 0
1000104 0.84615386
1000107 0.83076924
1000113 0.015384615
1000120 0.07692308
1000124 0.046153847
1000128 0.7846154
1000130 0.8153846
1000135 0.7692308
1000136 0.7692308
1000137 0.7692308
1000145 0.015384615
1000148 0.7692308
1000150 0.7692308
1000155 0.7692308
1000160 0.7692308
1000164 0
1000166 0.015384615
1000171 0.015384615
1000178 0.015384615
1000182 0.03076923
1000185 0.7692308
1000186 0.7692308
1000188 0.7692308
1000192 0.015384615
1000198 0.7692308
1000199 0.7692308
1000205 0.7692308
1000207 0.7692308
1000212 0.7692308
1000217 0.7692308
1000219 0.7692308
1000221 0.7692308
1000223 0
1000226 0.7692308
1000227 0.015384615
1000229 0.7692308
1000231 0.7692308
1000236 0.7692308
1000237 0.7692308
1000240 0.7692308
1000246 0
1000249 0
1000251 0
1000253 0.06153846
1000257 0.015384615
1000260 0.03076923
1000264 0.015384615
1000267 0
1000269 0.015384615
1000270 0.015384615
1000140 0
1000161 0
1000167 0
1000169 0
1000172 0
1000173 0
1000175 0
1000176 0
1000179 0
1000181 0
1000189 0
1000190 0
1000222 0
