1000100 0.9736842
1000197 0
1000103 0.02631579
1000107 0.81578946
1000111 0.2631579
1000113 0.28947368
1000115 0.31578946
1000116 0.34210527
1000118 0.02631579
1000120 0.23684211
1000123 0.2631579
1000126 0.13157895
1000129 0
1000133 0.078947365
1000135 0.10526316
1000142 0.23684211
1000144 0.2631579
1000146 0.28947368
1000147 0.31578946
1000149 0.02631579
1000151 0.21052632
1000154 0.23684211
1000157 0.10526316
1000160 0
1000164 0.078947365
1000169 0.13157895
1000172 0.15789473
1000175 0.078947365
1000178 0
1000182 0.05263158
1000185 0.078947365
1000188 0.05263158
1000191 0
1000195 0.02631579
1000114 0
1000127 0
1000145 0
1000158 0
