1000100 0.9836066
1000263 0
1000104 0.016393442
1000109 0.016393442
1000113 0.016393442
1000115 0.032786883
1000119 0.032786883
1000126 0.016393442
1000132 0.04918033
1000139 0.6721311
1000140 0.6721311
1000141 0.6721311
1000149 0.016393442
1000152 0.6721311
1000154 0.6721311
1000159 0.6721311
1000164 0.6721311
1000168 0
1000170 0.016393442
1000175 0.016393442
1000181 0.032786883
1000183 0.016393442
1000187 0.032786883
1000190 0.6721311
1000191 0.6721311
1000193 0.6721311
1000197 0.016393442
1000202 0.6721311
1000204 0.6721311
1000207 0.6721311
1000212 0.6721311
1000213 0.6721311
1000216 0.6721311
1000221 0.032786883
1000223 0.6721311
1000225 0
1000227 0.032786883
1000231 0.016393442
1000234 0
1000236 0.016393442
1000237 0.016393442
1000243 0.13114753
1000248 0.114754096
1000253 0.04918033
1000255 0.06557377
1000257 0.08196721
1000259 0.032786883
1000261 0.016393442
1000144 0
1000165 0
1000171 0
1000173 0
1000176 0
1000177 0
1000179 0
1000180 0
1000184 0
1000186 0
1000194 0
1000195 0
1000256 0
