1000100 0.9875
1000326 0
1000103 0.1375
1000105 0.15
1000108 0
1000114 0.0125
1000120 0.0625
1000124 0.0375
1000131 0.7125
1000132 0.7125
1000133 0.7125
1000141 0.0125
1000144 0.7125
1000146 0.7125
1000151 0.7125
1000156 0.7125
1000160 0
1000162 0.0125
1000167 0.0125
1000174 0.0125
1000178 0.025
1000181 0.7125
1000182 0.7125
1000184 0.7125
1000188 0.0125
1000194 0.7125
1000195 0.7125
1000201 0.7125
1000203 0.7125
1000208 0.7125
1000213 0.7125
1000215 0.7125
1000218 0.7125
1000223 0.7125
1000224 0.7125
1000227 0.7125
1000232 0.1375
1000234 0.7125
1000236 0
1000238 0.05
1000242 0.0125
1000245 0.025
1000249 0.0125
1000252 0
1000254 0.0125
1000257 0.0125
1000261 0
1000267 0.0375
1000269 0.05
1000271 0.0625
1000272 0.075
1000274 0.0125
1000277 0.0875
1000280 0.075
1000283 0.075
1000286 0.0375
1000292 0.125
1000296 0.025
1000302 0.075
1000305 0.0625
1000308 0.0625
1000311 0.025
1000317 0.0125
1000319 0.0125
1000323 0.0125
1000136 0
1000157 0
1000163 0
1000165 0
1000168 0
1000169 0
1000171 0
1000172 0
1000175 0
1000177 0
1000185 0
1000186 0
1000287 0
1000297 0
1000312 0
