1000100 0.972973
1000199 0
1000105 0
1000106 0.7027027
1000110 0.7567568
1000113 0.7297297
1000116 0.7297297
1000121 0.6756757
1000123 0.6756757
1000126 0.6756757
1000127 0.6756757
1000133 0.6756757
1000134 0.6756757
1000135 0.027027028
1000138 0.6756757
1000140 0.6756757
1000146 0.6756757
1000148 0.6756757
1000151 0.6756757
1000152 0.6756757
1000155 0.6756757
1000158 0.054054055
1000163 0.6756757
1000166 0.027027028
1000172 0.027027028
1000174 0.6756757
1000180 0.16216215
1000183 0.13513513
1000186 0.13513513
1000190 0
1000191 0.054054055
1000193 0.08108108
1000197 0.054054055
1000139 0
1000156 0
1000164 0
1000175 0
