1000100 0.987013
1000303 0
1000104 0.012987013
1000109 0.012987013
1000114 0.025974026
1000117 0.012987013
1000122 0.7922078
1000129 0.012987013
1000136 0.038961038
1000140 0.76623374
1000142 0.77922076
1000147 0.7532467
1000148 0.7532467
1000149 0.7532467
1000157 0.012987013
1000160 0.7532467
1000162 0.7532467
1000167 0.7532467
1000172 0.7532467
1000176 0
1000178 0.012987013
1000183 0.012987013
1000189 0.025974026
1000191 0.012987013
1000195 0.025974026
1000198 0.7532467
1000199 0.7532467
1000201 0.7532467
1000205 0.012987013
1000210 0.7532467
1000212 0.7532467
1000214 0.7532467
1000216 0
1000219 0.7532467
1000220 0.012987013
1000222 0.7532467
1000224 0.7532467
1000229 0.7532467
1000230 0.7532467
1000233 0.7532467
1000238 0.7532467
1000241 0.012987013
1000243 0.025974026
1000245 0.012987013
1000248 0
1000250 0.7532467
1000254 0
1000256 0.012987013
1000260 0.012987013
1000262 0.7532467
1000266 0
1000268 0.012987013
1000272 0
1000274 0.025974026
1000278 0.012987013
1000281 0
1000283 0.012987013
1000284 0.012987013
1000290 0.012987013
1000297 0.025974026
1000301 0.012987013
1000152 0
1000173 0
1000179 0
1000181 0
1000184 0
1000185 0
1000187 0
1000188 0
1000192 0
1000194 0
1000202 0
1000203 0
1000215 0
1000239 0
1000257 0
1000269 0
