1000100 0.9830508
1000246 0
1000104 0.016949153
1000108 0.8305085
1000111 0.8135593
1000117 0.016949153
1000124 0.050847456
1000128 0.7627119
1000130 0.7966102
1000135 0.7457627
1000136 0.7457627
1000137 0.7457627
1000145 0.016949153
1000148 0.7457627
1000150 0.7457627
1000155 0.7457627
1000160 0.7457627
1000164 0
1000166 0.016949153
1000171 0.016949153
1000177 0.033898305
1000179 0.016949153
1000183 0.033898305
1000186 0.7457627
1000187 0.7457627
1000189 0.7457627
1000193 0.016949153
1000198 0.7457627
1000200 0.7457627
1000202 0.7457627
1000204 0
1000207 0.7457627
1000208 0.016949153
1000210 0.7457627
1000212 0.7457627
1000217 0.7457627
1000218 0.7457627
1000221 0.7457627
1000227 0
1000230 0
1000232 0
1000234 0.033898305
1000238 0.016949153
1000241 0
1000243 0.016949153
1000244 0.016949153
1000140 0
1000161 0
1000167 0
1000169 0
1000172 0
1000173 0
1000175 0
1000176 0
1000180 0
1000182 0
1000190 0
1000191 0
1000203 0
