1000100 0.9830508
1000254 0
1000103 0.16949153
1000105 0.18644068
1000110 0.016949153
1000116 0.050847456
1000123 0.8305085
1000124 0.8305085
1000125 0.8305085
1000133 0.016949153
1000136 0.8305085
1000138 0.8305085
1000143 0.8305085
1000148 0.8305085
1000152 0
1000154 0.016949153
1000159 0.016949153
1000165 0.033898305
1000167 0.016949153
1000171 0.033898305
1000174 0.8305085
1000175 0.8305085
1000177 0.8305085
1000181 0.016949153
1000186 0.8305085
1000188 0.8305085
1000191 0.8305085
1000196 0.8305085
1000197 0.8305085
1000200 0.8305085
1000205 0.16949153
1000207 0.8305085
1000209 0
1000211 0.033898305
1000215 0.016949153
1000218 0
1000220 0.016949153
1000224 0.033898305
1000227 0.15254237
1000231 0.016949153
1000237 0.084745765
1000240 0.06779661
1000243 0.06779661
1000246 0.016949153
1000252 0.016949153
1000128 0
1000149 0
1000155 0
1000157 0
1000160 0
1000161 0
1000163 0
1000164 0
1000168 0
1000170 0
1000178 0
1000179 0
1000232 0
1000247 0
