1000100 0.9846154
1000276 0
1000105 0.15384616
1000107 0.16923077
1000110 0.84615386
1000113 0.83076924
1000116 0.83076924
1000122 0.015384615
1000128 0.83076924
1000135 0.83076924
1000136 0.83076924
1000137 0.83076924
1000145 0.015384615
1000148 0.83076924
1000150 0.83076924
1000155 0.83076924
1000160 0.83076924
1000164 0
1000166 0.015384615
1000171 0.015384615
1000177 0.03076923
1000179 0.015384615
1000183 0.03076923
1000186 0.83076924
1000187 0.83076924
1000189 0.83076924
1000193 0.015384615
1000198 0.83076924
1000200 0.83076924
1000203 0.83076924
1000208 0.83076924
1000209 0.83076924
1000212 0.83076924
1000217 0.15384616
1000219 0.83076924
1000221 0
1000223 0.83076924
1000227 0.015384615
1000230 0
1000232 0.015384615
1000234 0.2
1000237 0.18461539
1000240 0.18461539
1000246 0.03076923
1000249 0.13846155
1000253 0.015384615
1000259 0.07692308
1000262 0.06153846
1000265 0.06153846
1000268 0.015384615
1000274 0.015384615
1000140 0
1000161 0
1000167 0
1000169 0
1000172 0
1000173 0
1000175 0
1000176 0
1000180 0
1000182 0
1000190 0
1000191 0
1000254 0
1000269 0
