1000100 0.98214287
1000237 0
1000103 0.14285715
1000105 0.16071428
1000110 0.017857144
1000116 0.05357143
1000123 0.83928573
1000124 0.83928573
1000125 0.83928573
1000133 0.017857144
1000136 0.83928573
1000138 0.83928573
1000143 0.83928573
1000148 0.83928573
1000152 0
1000154 0.017857144
1000159 0.017857144
1000165 0.035714287
1000167 0.017857144
1000171 0.035714287
1000174 0.83928573
1000175 0.83928573
1000177 0.83928573
1000181 0.017857144
1000186 0.83928573
1000188 0.83928573
1000191 0.83928573
1000196 0.83928573
1000197 0.83928573
1000200 0.83928573
1000205 0.14285715
1000207 0.83928573
1000209 0
1000211 0.035714287
1000215 0.017857144
1000218 0
1000220 0.017857144
1000222 0.125
1000227 0.05357143
1000229 0.071428575
1000231 0.08928572
1000233 0.035714287
1000235 0.017857144
1000128 0
1000149 0
1000155 0
1000157 0
1000160 0
1000161 0
1000163 0
1000164 0
1000168 0
1000170 0
1000178 0
1000179 0
1000230 0
