1000100 0.9848485
1000278 0
1000104 0.121212125
1000106 0.13636364
1000109 0.90909094
1000112 0.8939394
1000115 0.8939394
1000121 0.015151516
1000127 0.8939394
1000131 0.8939394
1000138 0.8939394
1000139 0.8939394
1000140 0.8939394
1000148 0.015151516
1000151 0.8939394
1000153 0.8939394
1000158 0.8939394
1000163 0.8939394
1000167 0
1000169 0.015151516
1000174 0.015151516
1000181 0.015151516
1000185 0.030303031
1000188 0.8939394
1000189 0.8939394
1000191 0.8939394
1000195 0.015151516
1000201 0.8939394
1000202 0.8939394
1000208 0.8939394
1000210 0.8939394
1000215 0.8939394
1000220 0.8939394
1000222 0.8939394
1000225 0.8939394
1000230 0.8939394
1000231 0.8939394
1000234 0.8939394
1000239 0.121212125
1000241 0.8939394
1000243 0
1000245 0.8939394
1000249 0.015151516
1000252 0.8939394
1000256 0.015151516
1000259 0
1000261 0.015151516
1000263 0.10606061
1000268 0.045454547
1000270 0.060606062
1000272 0.07575758
1000274 0.030303031
1000276 0.015151516
1000143 0
1000164 0
1000170 0
1000172 0
1000175 0
1000176 0
1000178 0
1000179 0
1000182 0
1000184 0
1000192 0
1000193 0
1000271 0
