1000100 0.983871
1000277 0
1000103 0.06451613
1000105 0.08064516
1000108 0
1000114 0.016129032
1000120 0.08064516
1000124 0.048387095
1000131 0.8064516
1000132 0.8064516
1000133 0.8064516
1000141 0.016129032
1000144 0.8064516
1000146 0.8064516
1000151 0.8064516
1000156 0.8064516
1000160 0
1000162 0.016129032
1000167 0.016129032
1000174 0.016129032
1000178 0.032258064
1000181 0.8064516
1000182 0.8064516
1000184 0.8064516
1000188 0.016129032
1000194 0.8064516
1000195 0.8064516
1000201 0.8064516
1000203 0.8064516
1000208 0.8064516
1000213 0.8064516
1000215 0.8064516
1000218 0.8064516
1000223 0.8064516
1000224 0.8064516
1000227 0.8064516
1000232 0.06451613
1000234 0.8064516
1000236 0
1000238 0.06451613
1000242 0.016129032
1000245 0.032258064
1000249 0.016129032
1000252 0
1000254 0.016129032
1000257 0.016129032
1000263 0.048387095
1000267 0.048387095
1000271 0.032258064
1000275 0.016129032
1000136 0
1000157 0
1000163 0
1000165 0
1000168 0
1000169 0
1000171 0
1000172 0
1000175 0
1000177 0
1000185 0
1000186 0
