1000100 0.9677419
1000193 0
1000103 0.032258064
1000105 0.06451613
1000108 0.7741935
1000110 0.67741936
1000115 0.67741936
1000119 0.7419355
1000124 0.06451613
1000127 0.29032257
1000131 0.032258064
1000137 0.16129032
1000140 0.12903225
1000143 0.12903225
1000146 0.032258064
1000152 0.032258064
1000159 0.06451613
1000162 0.29032257
1000163 0.3548387
1000166 0.32258064
1000170 0.032258064
1000176 0.16129032
1000179 0.12903225
1000182 0.12903225
1000185 0.032258064
1000191 0.032258064
1000112 0
1000132 0
1000147 0
1000171 0
1000186 0
