1000100 0.9705882
1000175 0
1000103 0.38235295
1000107 0.7941176
1000113 0.5
1000115 0.5294118
1000117 0.5588235
1000118 0.5882353
1000120 0.029411765
1000122 0.47058824
1000125 0.5
1000128 0.44117647
1000131 0
1000135 0.38235295
1000137 0.4117647
1000141 0.47058824
1000147 0.29411766
1000149 0.32352942
1000150 0.3529412
1000154 0.14705883
1000156 0.1764706
1000158 0.20588236
1000159 0
1000163 0.11764706
1000166 0.029411765
1000169 0.029411765
1000170 0.0882353
1000173 0.029411765
1000116 0
1000129 0
1000138 0
1000151 0
1000157 0
1000171 0
