1000100 0.9836066
1000264 0
1000103 0.16393442
1000105 0.18032786
1000108 0.90163934
1000115 0.016393442
1000121 0.04918033
1000128 0.8032787
1000129 0.8032787
1000130 0.8032787
1000138 0.016393442
1000141 0.8032787
1000143 0.8032787
1000148 0.8032787
1000153 0.8032787
1000157 0
1000159 0.016393442
1000164 0.016393442
1000170 0.032786883
1000172 0.016393442
1000176 0.032786883
1000179 0.8032787
1000180 0.8032787
1000182 0.8032787
1000186 0.016393442
1000191 0.8032787
1000193 0.8032787
1000196 0.8032787
1000201 0.8032787
1000202 0.8032787
1000205 0.8032787
1000210 0.16393442
1000212 0.8032787
1000214 0
1000216 0.032786883
1000220 0.016393442
1000223 0
1000225 0.016393442
1000227 0.18032786
1000234 0.032786883
1000237 0.14754099
1000241 0.016393442
1000247 0.08196721
1000250 0.06557377
1000253 0.06557377
1000256 0.016393442
1000262 0.016393442
1000133 0
1000154 0
1000160 0
1000162 0
1000165 0
1000166 0
1000168 0
1000169 0
1000173 0
1000175 0
1000183 0
1000184 0
1000242 0
1000257 0
