1000100 0.984127
1000278 0
1000103 0.06349207
1000105 0.07936508
1000108 0.8888889
1000113 0.015873017
1000119 0.07936508
1000123 0.04761905
1000130 0.7777778
1000131 0.7777778
1000132 0.7777778
1000140 0.015873017
1000143 0.7777778
1000145 0.7777778
1000150 0.7777778
1000155 0.7777778
1000159 0
1000161 0.015873017
1000166 0.015873017
1000173 0.015873017
1000177 0.031746034
1000180 0.7777778
1000181 0.7777778
1000183 0.7777778
1000187 0.015873017
1000193 0.7777778
1000194 0.7777778
1000200 0.7777778
1000202 0.7777778
1000207 0.7777778
1000212 0.7777778
1000214 0.7777778
1000217 0.7777778
1000222 0.7777778
1000223 0.7777778
1000226 0.7777778
1000231 0.06349207
1000233 0.7777778
1000235 0
1000237 0.06349207
1000241 0.015873017
1000244 0.031746034
1000248 0.015873017
1000251 0
1000253 0.015873017
1000256 0.06349207
1000258 0.07936508
1000264 0.04761905
1000268 0.04761905
1000272 0.031746034
1000276 0.015873017
1000135 0
1000156 0
1000162 0
1000164 0
1000167 0
1000168 0
1000170 0
1000171 0
1000174 0
1000176 0
1000184 0
1000185 0
