1000100 0.98571426
1000302 0
1000103 0.14285715
1000105 0.15714286
1000108 0
1000114 0.014285714
1000120 0.071428575
1000124 0.042857144
1000131 0.8
1000132 0.8
1000133 0.8
1000141 0.014285714
1000144 0.8
1000146 0.8
1000151 0.8
1000156 0.8
1000160 0
1000162 0.014285714
1000167 0.014285714
1000174 0.014285714
1000178 0.028571429
1000181 0.8
1000182 0.8
1000184 0.8
1000188 0.014285714
1000194 0.8
1000195 0.8
1000201 0.8
1000203 0.8
1000208 0.8
1000213 0.8
1000215 0.8
1000218 0.8
1000223 0.8
1000224 0.8
1000227 0.8
1000232 0.14285715
1000234 0.8
1000236 0
1000238 0.057142857
1000242 0.014285714
1000245 0.028571429
1000249 0.014285714
1000252 0
1000254 0.014285714
1000257 0.014285714
1000261 0
1000267 0.028571429
1000270 0.12857144
1000274 0.014285714
1000280 0.071428575
1000283 0.057142857
1000286 0.057142857
1000289 0.014285714
1000295 0.014285714
1000299 0.014285714
1000136 0
1000157 0
1000163 0
1000165 0
1000168 0
1000169 0
1000171 0
1000172 0
1000175 0
1000177 0
1000185 0
1000186 0
1000275 0
1000290 0
