1000100 0.98550725
1000282 0
1000103 0.1594203
1000105 0.17391305
1000112 0.014492754
1000118 0.04347826
1000125 0.7246377
1000126 0.7246377
1000127 0.7246377
1000135 0.014492754
1000138 0.7246377
1000140 0.7246377
1000145 0.7246377
1000150 0.7246377
1000154 0
1000156 0.014492754
1000161 0.014492754
1000167 0.028985508
1000169 0.014492754
1000173 0.028985508
1000176 0.7246377
1000177 0.7246377
1000179 0.7246377
1000183 0.014492754
1000188 0.7246377
1000190 0.7246377
1000193 0.7246377
1000198 0.7246377
1000199 0.7246377
1000202 0.7246377
1000207 0.1594203
1000209 0.7246377
1000211 0
1000213 0.028985508
1000217 0.014492754
1000220 0
1000222 0.014492754
1000228 0.04347826
1000230 0.057971016
1000232 0.072463766
1000233 0.08695652
1000235 0.014492754
1000238 0.10144927
1000241 0.08695652
1000244 0.08695652
1000247 0.04347826
1000253 0.14492753
1000257 0.028985508
1000263 0.08695652
1000266 0.072463766
1000269 0.072463766
1000272 0.028985508
1000278 0.014492754
1000280 0.014492754
1000130 0
1000151 0
1000157 0
1000159 0
1000162 0
1000163 0
1000165 0
1000166 0
1000170 0
1000172 0
1000180 0
1000181 0
1000248 0
1000258 0
1000273 0
