1000100 0.983871
1000260 0
1000104 0.82258064
1000107 0.8064516
1000111 0.8548387
1000116 0.016129032
1000123 0.048387095
1000127 0.7258065
1000129 0.7741935
1000134 0.7096774
1000135 0.7096774
1000136 0.7096774
1000144 0.016129032
1000147 0.7096774
1000149 0.7096774
1000154 0.7096774
1000159 0.7096774
1000163 0
1000165 0.016129032
1000170 0.016129032
1000176 0.032258064
1000178 0.016129032
1000182 0.032258064
1000185 0.7096774
1000186 0.7096774
1000188 0.7096774
1000192 0.016129032
1000197 0.7096774
1000199 0.7096774
1000201 0.7096774
1000203 0
1000206 0.7096774
1000207 0.016129032
1000209 0.7096774
1000211 0.7096774
1000216 0.7096774
1000217 0.7096774
1000220 0.7096774
1000226 0
1000229 0
1000231 0
1000233 0.032258064
1000237 0.016129032
1000240 0
1000242 0.016129032
1000245 0.048387095
1000249 0.048387095
1000251 0.016129032
1000256 0.016129032
1000139 0
1000160 0
1000166 0
1000168 0
1000171 0
1000172 0
1000174 0
1000175 0
1000179 0
1000181 0
1000189 0
1000190 0
1000202 0
