1000100 0.983871
1000260 0
1000104 0.8064516
1000107 0.7903226
1000111 0
1000117 0.016129032
1000124 0.048387095
1000128 0.7419355
1000130 0.7741935
1000135 0.7258065
1000136 0.7258065
1000137 0.7258065
1000145 0.016129032
1000148 0.7258065
1000150 0.7258065
1000155 0.7258065
1000160 0.7258065
1000164 0
1000166 0.016129032
1000171 0.016129032
1000177 0.032258064
1000179 0.016129032
1000183 0.032258064
1000186 0.7258065
1000187 0.7258065
1000189 0.7258065
1000193 0.016129032
1000198 0.7258065
1000200 0.7258065
1000202 0.7258065
1000204 0.016129032
1000207 0.7258065
1000208 0.016129032
1000210 0.7258065
1000212 0.7258065
1000217 0.7258065
1000218 0.7258065
1000221 0.7258065
1000227 0
1000230 0
1000232 0
1000234 0.032258064
1000238 0.016129032
1000241 0
1000243 0.016129032
1000246 0.016129032
1000250 0
1000253 0.016129032
1000257 0.016129032
1000140 0
1000161 0
1000167 0
1000169 0
1000172 0
1000173 0
1000175 0
1000176 0
1000180 0
1000182 0
1000190 0
1000191 0
1000203 0
