1000100 0.9861111
1000288 0
1000103 0.15277778
1000105 0.16666667
1000108 0.9166667
1000115 0.013888889
1000121 0.041666668
1000128 0.6944444
1000129 0.6944444
1000130 0.6944444
1000138 0.013888889
1000141 0.6944444
1000143 0.6944444
1000148 0.6944444
1000153 0.6944444
1000157 0
1000159 0.013888889
1000164 0.013888889
1000170 0.027777778
1000172 0.013888889
1000176 0.027777778
1000179 0.6944444
1000180 0.6944444
1000182 0.6944444
1000186 0.013888889
1000191 0.6944444
1000193 0.6944444
1000196 0.6944444
1000201 0.6944444
1000202 0.6944444
1000205 0.6944444
1000210 0.15277778
1000212 0.6944444
1000214 0
1000216 0.027777778
1000220 0.013888889
1000223 0
1000225 0.013888889
1000227 0.30555555
1000234 0.041666668
1000236 0.055555556
1000238 0.06944445
1000239 0.083333336
1000241 0.013888889
1000244 0.097222224
1000247 0.083333336
1000250 0.083333336
1000253 0.041666668
1000259 0.1388889
1000263 0.027777778
1000269 0.083333336
1000272 0.06944445
1000275 0.06944445
1000278 0.027777778
1000284 0.013888889
1000286 0.013888889
1000133 0
1000154 0
1000160 0
1000162 0
1000165 0
1000166 0
1000168 0
1000169 0
1000173 0
1000175 0
1000183 0
1000184 0
1000237 0
1000254 0
1000264 0
1000279 0
