1000100 0.97619045
1000209 0
1000103 0.023809524
1000107 0.7380952
1000111 0.23809524
1000113 0.26190478
1000115 0.2857143
1000116 0.30952382
1000118 0.023809524
1000120 0.21428572
1000123 0.23809524
1000126 0.11904762
1000129 0
1000133 0.071428575
1000135 0.0952381
1000142 0.21428572
1000144 0.23809524
1000146 0.26190478
1000147 0.2857143
1000149 0.023809524
1000151 0.1904762
1000154 0.21428572
1000157 0.0952381
1000160 0
1000164 0.071428575
1000170 0.0952381
1000173 0.11904762
1000176 0
1000179 0
1000184 0.16666667
1000187 0.14285715
1000190 0.14285715
1000193 0.04761905
1000200 0.04761905
1000203 0
1000207 0.023809524
1000114 0
1000127 0
1000145 0
1000158 0
1000194 0
1000197 0
