1000100 0.9714286
1000195 0
1000105 0.37142858
1000107 0.4
1000109 0.42857143
1000110 0.45714286
1000112 0
1000115 0.2857143
1000117 0.31428573
1000119 0.34285715
1000120 0.37142858
1000122 0
1000124 0.34285715
1000127 0.37142858
1000130 0.114285715
1000133 0
1000137 0.25714287
1000140 0.2857143
1000143 0.028571429
1000146 0
1000151 0.17142858
1000154 0.14285715
1000157 0.14285715
1000160 0.08571429
1000165 0.2
1000168 0.22857143
1000171 0.14285715
1000174 0
1000178 0.057142857
1000181 0.08571429
1000182 0.114285715
1000184 0.028571429
1000186 0.057142857
1000189 0
1000193 0.028571429
