1000100 0.9882353
1000323 0
1000103 0
1000104 0.8117647
1000108 0
1000114 0.011764706
1000121 0.05882353
1000125 0.03529412
1000129 0.7882353
1000131 0.8
1000136 0.7764706
1000137 0.7764706
1000138 0.7764706
1000146 0.011764706
1000149 0.7764706
1000151 0.7764706
1000156 0.7764706
1000161 0.7764706
1000165 0
1000167 0.011764706
1000172 0.011764706
1000179 0.011764706
1000183 0.023529412
1000186 0.7764706
1000187 0.7764706
1000189 0.7764706
1000193 0.011764706
1000199 0.7764706
1000200 0.7764706
1000206 0.7764706
1000208 0.7764706
1000213 0.7764706
1000218 0.7764706
1000220 0.7764706
1000222 0.7764706
1000224 0.011764706
1000227 0.7764706
1000228 0.011764706
1000230 0.7764706
1000232 0.7764706
1000237 0.7764706
1000238 0.7764706
1000241 0.7764706
1000246 0.7764706
1000249 0.011764706
1000251 0.023529412
1000253 0.011764706
1000256 0
1000258 0.7764706
1000262 0
1000264 0.011764706
1000268 0.011764706
1000270 0.7764706
1000274 0
1000276 0.011764706
1000280 0
1000282 0.047058824
1000286 0.011764706
1000289 0.023529412
1000293 0.011764706
1000296 0
1000298 0.011764706
1000301 0.011764706
1000305 0
1000309 0
1000310 0.023529412
1000312 0.03529412
1000316 0.011764706
1000320 0.011764706
1000141 0
1000162 0
1000168 0
1000170 0
1000173 0
1000174 0
1000176 0
1000177 0
1000180 0
1000182 0
1000190 0
1000191 0
1000223 0
1000247 0
1000265 0
1000277 0
