1000100 0.9811321
1000238 0
1000103 0.0754717
1000105 0.094339624
1000110 0.018867925
1000116 0.056603774
1000123 0.8113208
1000124 0.8113208
1000125 0.8113208
1000133 0.018867925
1000136 0.8113208
1000138 0.8113208
1000143 0.8113208
1000148 0.8113208
1000152 0
1000154 0.018867925
1000159 0.018867925
1000165 0.03773585
1000167 0.018867925
1000171 0.03773585
1000174 0.8113208
1000175 0.8113208
1000177 0.8113208
1000181 0.018867925
1000186 0.8113208
1000188 0.8113208
1000191 0.8113208
1000196 0.8113208
1000197 0.8113208
1000200 0.8113208
1000205 0.0754717
1000207 0.8113208
1000209 0
1000211 0.03773585
1000215 0.018867925
1000218 0
1000220 0.018867925
1000224 0.056603774
1000228 0.056603774
1000232 0.03773585
1000236 0.018867925
1000128 0
1000149 0
1000155 0
1000157 0
1000160 0
1000161 0
1000163 0
1000164 0
1000168 0
1000170 0
1000178 0
1000179 0
