1000100 0.9852941
1000293 0
1000104 0.014705882
1000109 0.014705882
1000113 0.014705882
1000115 0.029411765
1000119 0.029411765
1000126 0.014705882
1000132 0.073529415
1000136 0.04411765
1000143 0.6911765
1000144 0.6911765
1000145 0.6911765
1000153 0.014705882
1000156 0.6911765
1000158 0.6911765
1000163 0.6911765
1000168 0.6911765
1000172 0
1000174 0.014705882
1000179 0.014705882
1000186 0.014705882
1000190 0.029411765
1000193 0.6911765
1000194 0.6911765
1000196 0.6911765
1000200 0.014705882
1000206 0.6911765
1000207 0.6911765
1000213 0.6911765
1000215 0.6911765
1000220 0.6911765
1000225 0.6911765
1000227 0.6911765
1000230 0.6911765
1000235 0.6911765
1000236 0.6911765
1000239 0.6911765
1000244 0.029411765
1000246 0.6911765
1000248 0
1000250 0.05882353
1000254 0.014705882
1000257 0.029411765
1000261 0.014705882
1000264 0
1000266 0.014705882
1000267 0.014705882
1000273 0.11764706
1000278 0.10294118
1000283 0.04411765
1000285 0.05882353
1000287 0.073529415
1000289 0.029411765
1000291 0.014705882
1000148 0
1000169 0
1000175 0
1000177 0
1000180 0
1000181 0
1000183 0
1000184 0
1000187 0
1000189 0
1000197 0
1000198 0
1000286 0
