1000100 0.9879518
1000313 0
1000103 0
1000104 0.8313253
1000108 0
1000113 0.012048192
1000120 0.060240965
1000124 0.036144577
1000128 0.8072289
1000130 0.8192771
1000135 0.79518074
1000136 0.79518074
1000137 0.79518074
1000145 0.012048192
1000148 0.79518074
1000150 0.79518074
1000155 0.79518074
1000160 0.79518074
1000164 0
1000166 0.012048192
1000171 0.012048192
1000178 0.012048192
1000182 0.024096385
1000185 0.79518074
1000186 0.79518074
1000188 0.79518074
1000192 0.012048192
1000198 0.79518074
1000199 0.79518074
1000205 0.79518074
1000207 0.79518074
1000212 0.79518074
1000217 0.79518074
1000219 0.79518074
1000221 0.79518074
1000223 0.012048192
1000226 0.79518074
1000227 0.012048192
1000229 0.79518074
1000231 0.79518074
1000236 0.79518074
1000237 0.79518074
1000240 0.79518074
1000245 0.79518074
1000248 0.012048192
1000250 0.024096385
1000252 0.012048192
1000255 0
1000257 0.79518074
1000261 0
1000263 0.012048192
1000267 0.012048192
1000269 0.79518074
1000273 0
1000275 0.012048192
1000279 0
1000281 0.04819277
1000285 0.012048192
1000288 0.024096385
1000292 0.012048192
1000295 0
1000297 0.012048192
1000300 0
1000303 0
1000304 0.024096385
1000306 0.036144577
1000310 0.012048192
1000140 0
1000161 0
1000167 0
1000169 0
1000172 0
1000173 0
1000175 0
1000176 0
1000179 0
1000181 0
1000189 0
1000190 0
1000222 0
1000246 0
1000264 0
1000276 0
