1000100 0.9866667
1000283 0
1000104 0.8666667
1000107 0.85333335
1000111 0.8933333
1000118 0.013333334
1000125 0.04
1000129 0.82666665
1000131 0.84
1000136 0.81333333
1000137 0.81333333
1000138 0.81333333
1000146 0.013333334
1000149 0.81333333
1000151 0.81333333
1000156 0.81333333
1000161 0.81333333
1000165 0
1000167 0.013333334
1000172 0.013333334
1000178 0.026666667
1000180 0.013333334
1000184 0.026666667
1000187 0.81333333
1000188 0.81333333
1000190 0.81333333
1000194 0.013333334
1000199 0.81333333
1000201 0.81333333
1000203 0.81333333
1000205 0
1000208 0.81333333
1000209 0.013333334
1000211 0.81333333
1000213 0.81333333
1000218 0.81333333
1000219 0.81333333
1000222 0.81333333
1000227 0.81333333
1000230 0.013333334
1000232 0.026666667
1000234 0.013333334
1000237 0
1000239 0.81333333
1000243 0
1000245 0.013333334
1000249 0.013333334
1000251 0.81333333
1000255 0
1000257 0.013333334
1000261 0
1000263 0.026666667
1000267 0.013333334
1000270 0
1000272 0.013333334
1000274 0.04
1000275 0.053333335
1000279 0.013333334
1000281 0.013333334
1000141 0
1000162 0
1000168 0
1000170 0
1000173 0
1000174 0
1000176 0
1000177 0
1000181 0
1000183 0
1000191 0
1000192 0
1000204 0
1000228 0
1000246 0
1000258 0
