1000100 0.9876543
1000334 0
1000104 0.012345679
1000109 0.012345679
1000113 0.012345679
1000115 0.024691358
1000119 0.024691358
1000126 0.012345679
1000132 0.061728396
1000136 0.037037037
1000143 0.5802469
1000144 0.5802469
1000145 0.5802469
1000153 0.012345679
1000156 0.5802469
1000158 0.5802469
1000163 0.5802469
1000168 0.5802469
1000172 0
1000174 0.012345679
1000179 0.012345679
1000186 0.012345679
1000190 0.024691358
1000193 0.5802469
1000194 0.5802469
1000196 0.5802469
1000200 0.012345679
1000206 0.5802469
1000207 0.5802469
1000213 0.5802469
1000215 0.5802469
1000220 0.5802469
1000225 0.5802469
1000227 0.5802469
1000230 0.5802469
1000235 0.5802469
1000236 0.5802469
1000239 0.5802469
1000244 0.024691358
1000246 0.5802469
1000248 0
1000250 0.049382716
1000254 0.012345679
1000257 0.024691358
1000261 0.012345679
1000264 0
1000266 0.012345679
1000267 0.012345679
1000273 0.13580246
1000280 0.037037037
1000282 0.049382716
1000284 0.061728396
1000285 0.074074075
1000287 0.012345679
1000290 0.086419754
1000293 0.074074075
1000296 0.074074075
1000299 0.037037037
1000305 0.12345679
1000309 0.024691358
1000315 0.074074075
1000318 0.061728396
1000321 0.061728396
1000324 0.024691358
1000330 0.012345679
1000332 0.012345679
1000148 0
1000169 0
1000175 0
1000177 0
1000180 0
1000181 0
1000183 0
1000184 0
1000187 0
1000189 0
1000197 0
1000198 0
1000300 0
1000310 0
1000325 0
