1000100 0.9859155
1000274 0
1000103 0
1000104 0.8450704
1000112 0.014084507
1000119 0.04225352
1000123 0.8169014
1000125 0.8309859
1000130 0.8028169
1000131 0.8028169
1000132 0.8028169
1000140 0.014084507
1000143 0.8028169
1000145 0.8028169
1000150 0.8028169
1000155 0.8028169
1000159 0
1000161 0.014084507
1000166 0.014084507
1000172 0.028169014
1000174 0.014084507
1000178 0.028169014
1000181 0.8028169
1000182 0.8028169
1000184 0.8028169
1000188 0.014084507
1000193 0.8028169
1000195 0.8028169
1000197 0.8028169
1000199 0.014084507
1000202 0.8028169
1000203 0.014084507
1000205 0.8028169
1000207 0.8028169
1000212 0.8028169
1000213 0.8028169
1000216 0.8028169
1000221 0.8028169
1000224 0.014084507
1000226 0.028169014
1000228 0.014084507
1000231 0
1000233 0.8028169
1000237 0
1000239 0.014084507
1000243 0.014084507
1000245 0.8028169
1000249 0
1000251 0.014084507
1000255 0
1000257 0.028169014
1000261 0.014084507
1000264 0
1000266 0.014084507
1000267 0.014084507
1000135 0
1000156 0
1000162 0
1000164 0
1000167 0
1000168 0
1000170 0
1000171 0
1000175 0
1000177 0
1000185 0
1000186 0
1000198 0
1000222 0
1000240 0
1000252 0
