1000100 0.98630136
1000281 0
1000103 0
1000104 0.8356164
1000108 0
1000114 0.01369863
1000121 0.04109589
1000125 0.8082192
1000127 0.82191783
1000132 0.79452056
1000133 0.79452056
1000134 0.79452056
1000142 0.01369863
1000145 0.79452056
1000147 0.79452056
1000152 0.79452056
1000157 0.79452056
1000161 0
1000163 0.01369863
1000168 0.01369863
1000174 0.02739726
1000176 0.01369863
1000180 0.02739726
1000183 0.79452056
1000184 0.79452056
1000186 0.79452056
1000190 0.01369863
1000195 0.79452056
1000197 0.79452056
1000199 0.79452056
1000201 0.01369863
1000204 0.79452056
1000205 0.01369863
1000207 0.79452056
1000209 0.79452056
1000214 0.79452056
1000215 0.79452056
1000218 0.79452056
1000223 0.79452056
1000226 0.01369863
1000228 0.02739726
1000230 0.01369863
1000233 0
1000235 0.79452056
1000239 0
1000241 0.01369863
1000245 0.01369863
1000247 0.79452056
1000251 0
1000253 0.01369863
1000257 0
1000259 0.02739726
1000263 0.01369863
1000266 0
1000268 0.01369863
1000271 0.01369863
1000274 0.01369863
1000137 0
1000158 0
1000164 0
1000166 0
1000169 0
1000170 0
1000172 0
1000173 0
1000177 0
1000179 0
1000187 0
1000188 0
1000200 0
1000224 0
1000242 0
1000254 0
