1000100 0.969697
1000189 0
1000104 0.93939394
1000107 0.90909094
1000112 0.8484849
1000114 0.8787879
1000117 0.7878788
1000118 0.8181818
1000124 0.6060606
1000125 0.6363636
1000126 0
1000129 0.6666667
1000131 0.6969697
1000137 0.45454547
1000139 0.4848485
1000142 0.3030303
1000143 0.42424244
1000146 0.33333334
1000149 0.060606062
1000154 0.21212122
1000157 0.030303031
1000163 0.030303031
1000165 0.21212122
1000172 0.18181819
1000176 0.15151516
1000180 0.09090909
1000181 0.121212125
1000185 0.030303031
1000187 0.030303031
1000130 0
1000147 0
1000155 0
1000166 0
