1000100 0.9878049
1000316 0
1000103 0
1000104 0.8292683
1000108 0
1000114 0.0121951215
1000121 0.06097561
1000125 0.036585364
1000129 0.80487806
1000131 0.81707317
1000136 0.79268295
1000137 0.79268295
1000138 0.79268295
1000146 0.0121951215
1000149 0.79268295
1000151 0.79268295
1000156 0.79268295
1000161 0.79268295
1000165 0
1000167 0.0121951215
1000172 0.0121951215
1000179 0.0121951215
1000183 0.024390243
1000186 0.79268295
1000187 0.79268295
1000189 0.79268295
1000193 0.0121951215
1000199 0.79268295
1000200 0.79268295
1000206 0.79268295
1000208 0.79268295
1000213 0.79268295
1000218 0.79268295
1000220 0.79268295
1000222 0.79268295
1000224 0.0121951215
1000227 0.79268295
1000228 0.0121951215
1000230 0.79268295
1000232 0.79268295
1000237 0.79268295
1000238 0.79268295
1000241 0.79268295
1000246 0.79268295
1000249 0.0121951215
1000251 0.024390243
1000253 0.0121951215
1000256 0
1000258 0.79268295
1000262 0
1000264 0.0121951215
1000268 0.0121951215
1000270 0.79268295
1000274 0
1000276 0.0121951215
1000280 0
1000282 0.048780486
1000286 0.0121951215
1000289 0.024390243
1000293 0.0121951215
1000296 0
1000298 0.0121951215
1000301 0.0121951215
1000305 0
1000308 0.0121951215
1000313 0.0121951215
1000141 0
1000162 0
1000168 0
1000170 0
1000173 0
1000174 0
1000176 0
1000177 0
1000180 0
1000182 0
1000190 0
1000191 0
1000223 0
1000247 0
1000265 0
1000277 0
