1000100 0.9859155
1000295 0
1000106 0.85915494
1000109 0.8450704
1000113 0.8450704
1000116 0.8309859
1000119 0.8309859
1000125 0.014084507
1000132 0.8309859
1000136 0.8309859
1000140 0.8309859
1000142 0.8309859
1000147 0.8309859
1000148 0.8309859
1000149 0.8309859
1000157 0.014084507
1000160 0.8309859
1000162 0.8309859
1000167 0.8309859
1000172 0.8309859
1000176 0
1000178 0.014084507
1000183 0.014084507
1000190 0.014084507
1000194 0.028169014
1000197 0.8309859
1000198 0.8309859
1000200 0.8309859
1000204 0.014084507
1000210 0.8309859
1000211 0.8309859
1000217 0.8309859
1000219 0.8309859
1000224 0.8309859
1000229 0.8309859
1000231 0.8309859
1000233 0.8309859
1000235 0.014084507
1000238 0.8309859
1000239 0.014084507
1000241 0.8309859
1000243 0.8309859
1000248 0.8309859
1000249 0.8309859
1000252 0.8309859
1000258 0
1000261 0
1000263 0
1000265 0.8309859
1000269 0.014084507
1000272 0.8309859
1000276 0.014084507
1000279 0
1000281 0.014084507
1000283 0.056338027
1000286 0.04225352
1000289 0.04225352
1000292 0.014084507
1000152 0
1000173 0
1000179 0
1000181 0
1000184 0
1000185 0
1000187 0
1000188 0
1000191 0
1000193 0
1000201 0
1000202 0
1000234 0
