1000100 0.9677419
1000188 0
1000104 0.87096775
1000107 0.83870965
1000111 0
1000116 0.7741935
1000118 0.8064516
1000121 0.7096774
1000122 0.7419355
1000128 0.516129
1000129 0.5483871
1000130 0.032258064
1000133 0.58064514
1000135 0.61290324
1000141 0.29032257
1000143 0.32258064
1000146 0.12903225
1000147 0.2580645
1000150 0.16129032
1000153 0.06451613
1000158 0.032258064
1000161 0.032258064
1000167 0.032258064
1000169 0.032258064
1000176 0.032258064
1000182 0.06451613
1000186 0.032258064
1000134 0
1000151 0
1000159 0
1000170 0
