1000100 0.9875
1000297 0
1000105 0
1000106 0.8375
1000110 0.8375
1000113 0.825
1000116 0.825
1000122 0.0125
1000129 0.825
1000133 0.825
1000135 0.825
1000140 0.825
1000141 0.825
1000142 0.825
1000150 0.0125
1000153 0.825
1000155 0.825
1000160 0.825
1000165 0.825
1000169 0
1000171 0.0125
1000176 0.0125
1000182 0.025
1000184 0.0125
1000188 0.025
1000191 0.825
1000192 0.825
1000194 0.825
1000198 0.0125
1000203 0.825
1000205 0.825
1000207 0.825
1000209 0.0125
1000212 0.825
1000213 0.0125
1000215 0.825
1000217 0.825
1000222 0.825
1000223 0.825
1000226 0.825
1000231 0.825
1000234 0.0125
1000236 0.025
1000238 0.0125
1000241 0
1000243 0.825
1000247 0
1000249 0.0125
1000253 0.0125
1000255 0.825
1000259 0
1000261 0.0125
1000265 0
1000267 0.825
1000271 0.0125
1000274 0
1000276 0.0125
1000278 0.075
1000281 0.0625
1000284 0.0625
1000288 0
1000289 0.025
1000291 0.0375
1000295 0.025
1000145 0
1000166 0
1000172 0
1000174 0
1000177 0
1000178 0
1000180 0
1000181 0
1000185 0
1000187 0
1000195 0
1000196 0
1000208 0
1000232 0
1000250 0
1000262 0
