1000100 0.9846154
1000294 0
1000104 0.015384615
1000109 0.015384615
1000113 0.015384615
1000115 0.03076923
1000119 0.03076923
1000126 0.015384615
1000132 0.07692308
1000136 0.046153847
1000143 0.72307694
1000144 0.72307694
1000145 0.72307694
1000153 0.015384615
1000156 0.72307694
1000158 0.72307694
1000163 0.72307694
1000168 0.72307694
1000172 0
1000174 0.015384615
1000179 0.015384615
1000186 0.015384615
1000190 0.03076923
1000193 0.72307694
1000194 0.72307694
1000196 0.72307694
1000200 0.015384615
1000206 0.72307694
1000207 0.72307694
1000213 0.72307694
1000215 0.72307694
1000220 0.72307694
1000225 0.72307694
1000227 0.72307694
1000230 0.72307694
1000235 0.72307694
1000236 0.72307694
1000239 0.72307694
1000244 0.03076923
1000246 0.72307694
1000248 0
1000250 0.06153846
1000254 0.015384615
1000257 0.03076923
1000261 0.015384615
1000264 0
1000266 0.015384615
1000267 0.015384615
1000273 0.06153846
1000280 0.046153847
1000284 0.046153847
1000288 0.03076923
1000292 0.015384615
1000148 0
1000169 0
1000175 0
1000177 0
1000180 0
1000181 0
1000183 0
1000184 0
1000187 0
1000189 0
1000197 0
1000198 0
