1000100 0.9818182
1000251 0
1000104 0.036363635
1000106 0.054545455
1000111 0.018181818
1000117 0.054545455
1000124 0.74545455
1000125 0.74545455
1000126 0.74545455
1000134 0.018181818
1000137 0.74545455
1000139 0.74545455
1000144 0.74545455
1000149 0.74545455
1000153 0
1000155 0.018181818
1000160 0.018181818
1000166 0.036363635
1000168 0.018181818
1000172 0.036363635
1000175 0.74545455
1000176 0.74545455
1000178 0.74545455
1000182 0.018181818
1000187 0.74545455
1000189 0.74545455
1000192 0.74545455
1000197 0.74545455
1000198 0.74545455
1000201 0.74545455
1000206 0.036363635
1000208 0.74545455
1000210 0
1000212 0.036363635
1000216 0.018181818
1000219 0
1000221 0.018181818
1000222 0.018181818
1000229 0.07272727
1000237 0.054545455
1000241 0.054545455
1000245 0.036363635
1000249 0.018181818
1000129 0
1000150 0
1000156 0
1000158 0
1000161 0
1000162 0
1000164 0
1000165 0
1000169 0
1000171 0
1000179 0
1000180 0
