1000100 0.9861111
1000273 0
1000104 0
1000105 0.8611111
1000111 0.013888889
1000118 0.041666668
1000122 0.8333333
1000124 0.8472222
1000129 0.8194444
1000130 0.8194444
1000131 0.8194444
1000139 0.013888889
1000142 0.8194444
1000144 0.8194444
1000149 0.8194444
1000154 0.8194444
1000158 0
1000160 0.013888889
1000165 0.013888889
1000171 0.027777778
1000173 0.013888889
1000177 0.027777778
1000180 0.8194444
1000181 0.8194444
1000183 0.8194444
1000187 0.013888889
1000192 0.8194444
1000194 0.8194444
1000196 0.8194444
1000198 0
1000201 0.8194444
1000202 0.013888889
1000204 0.8194444
1000206 0.8194444
1000211 0.8194444
1000212 0.8194444
1000215 0.8194444
1000220 0.8194444
1000223 0.013888889
1000225 0.027777778
1000227 0.013888889
1000230 0
1000232 0.8194444
1000236 0
1000238 0.013888889
1000242 0.013888889
1000244 0.8194444
1000248 0
1000250 0.013888889
1000254 0
1000256 0.027777778
1000260 0.013888889
1000263 0
1000265 0.013888889
1000266 0.027777778
1000271 0.013888889
1000134 0
1000155 0
1000161 0
1000163 0
1000166 0
1000167 0
1000169 0
1000170 0
1000174 0
1000176 0
1000184 0
1000185 0
1000197 0
1000221 0
1000239 0
1000251 0
