1000100 0.98717946
1000301 0
1000103 0
1000104 0.85897434
1000112 0.012820513
1000119 0.06410257
1000123 0.03846154
1000127 0.8333333
1000129 0.84615386
1000134 0.82051283
1000135 0.82051283
1000136 0.82051283
1000144 0.012820513
1000147 0.82051283
1000149 0.82051283
1000154 0.82051283
1000159 0.82051283
1000163 0
1000165 0.012820513
1000170 0.012820513
1000177 0.012820513
1000181 0.025641026
1000184 0.82051283
1000185 0.82051283
1000187 0.82051283
1000191 0.012820513
1000197 0.82051283
1000198 0.82051283
1000204 0.82051283
1000206 0.82051283
1000211 0.82051283
1000216 0.82051283
1000218 0.82051283
1000220 0.82051283
1000222 0
1000225 0.82051283
1000226 0.012820513
1000228 0.82051283
1000230 0.82051283
1000235 0.82051283
1000236 0.82051283
1000239 0.82051283
1000244 0.82051283
1000247 0.012820513
1000249 0.025641026
1000251 0.012820513
1000254 0
1000256 0.82051283
1000260 0
1000262 0.012820513
1000266 0.012820513
1000268 0.82051283
1000272 0
1000274 0.012820513
1000278 0
1000280 0.051282052
1000284 0.012820513
1000287 0.025641026
1000291 0.012820513
1000294 0
1000296 0.012820513
1000299 0.012820513
1000139 0
1000160 0
1000166 0
1000168 0
1000171 0
1000172 0
1000174 0
1000175 0
1000178 0
1000180 0
1000188 0
1000189 0
1000221 0
1000245 0
1000263 0
1000275 0
