1000100 0.9861111
1000275 0
1000103 0
1000104 0.8333333
1000108 0.875
1000113 0.013888889
1000120 0.041666668
1000124 0.8055556
1000126 0.8194444
1000131 0.7916667
1000132 0.7916667
1000133 0.7916667
1000141 0.013888889
1000144 0.7916667
1000146 0.7916667
1000151 0.7916667
1000156 0.7916667
1000160 0
1000162 0.013888889
1000167 0.013888889
1000173 0.027777778
1000175 0.013888889
1000179 0.027777778
1000182 0.7916667
1000183 0.7916667
1000185 0.7916667
1000189 0.013888889
1000194 0.7916667
1000196 0.7916667
1000198 0.7916667
1000200 0.013888889
1000203 0.7916667
1000204 0.013888889
1000206 0.7916667
1000208 0.7916667
1000213 0.7916667
1000214 0.7916667
1000217 0.7916667
1000222 0.7916667
1000225 0.013888889
1000227 0.027777778
1000229 0.013888889
1000232 0
1000234 0.7916667
1000238 0
1000240 0.013888889
1000244 0.013888889
1000246 0.7916667
1000250 0
1000252 0.013888889
1000256 0
1000258 0.027777778
1000262 0.013888889
1000265 0
1000267 0.013888889
1000268 0.013888889
1000136 0
1000157 0
1000163 0
1000165 0
1000168 0
1000169 0
1000171 0
1000172 0
1000176 0
1000178 0
1000186 0
1000187 0
1000199 0
1000223 0
1000241 0
1000253 0
