1000100 0.969697
1000195 0
1000103 0.33333334
1000105 0.36363637
1000108 0.5151515
1000114 0.4848485
1000118 0.42424244
1000119 0.45454547
1000125 0.33333334
1000127 0.36363637
1000131 0.030303031
1000134 0.6666667
1000141 0.09090909
1000143 0.121212125
1000145 0.15151516
1000146 0.18181819
1000148 0.030303031
1000151 0.21212122
1000154 0.18181819
1000157 0.18181819
1000160 0.09090909
1000166 0.3030303
1000170 0.060606062
1000176 0.18181819
1000179 0.15151516
1000182 0.15151516
1000185 0.060606062
1000191 0.030303031
1000193 0.030303031
1000144 0
1000161 0
1000171 0
1000186 0
