1000100 0.9861111
1000301 0
1000104 0.7916667
1000107 0.7777778
1000111 0
1000117 0.013888889
1000124 0.06944445
1000128 0.041666668
1000132 0.7222222
1000134 0.7638889
1000139 0.7083333
1000140 0.7083333
1000141 0.7083333
1000149 0.013888889
1000152 0.7083333
1000154 0.7083333
1000159 0.7083333
1000164 0.7083333
1000168 0
1000170 0.013888889
1000175 0.013888889
1000182 0.013888889
1000186 0.027777778
1000189 0.7083333
1000190 0.7083333
1000192 0.7083333
1000196 0.013888889
1000202 0.7083333
1000203 0.7083333
1000209 0.7083333
1000211 0.7083333
1000216 0.7083333
1000221 0.7083333
1000223 0.7083333
1000225 0.7083333
1000227 0.013888889
1000230 0.7083333
1000231 0.013888889
1000233 0.7083333
1000235 0.7083333
1000240 0.7083333
1000241 0.7083333
1000244 0.7083333
1000250 0
1000253 0
1000255 0
1000257 0.055555556
1000261 0.013888889
1000264 0.027777778
1000268 0.013888889
1000271 0
1000273 0.013888889
1000276 0.013888889
1000280 0
1000285 0.041666668
1000288 0.027777778
1000290 0.041666668
1000294 0.013888889
1000298 0.013888889
1000144 0
1000165 0
1000171 0
1000173 0
1000176 0
1000177 0
1000179 0
1000180 0
1000183 0
1000185 0
1000193 0
1000194 0
1000226 0
