1000100 0.9864865
1000283 0
1000104 0
1000105 0.8783784
1000109 0.8783784
1000112 0.8648649
1000115 0.8648649
1000121 0.013513514
1000128 0.8648649
1000132 0.8648649
1000134 0.8648649
1000139 0.8648649
1000140 0.8648649
1000141 0.8648649
1000149 0.013513514
1000152 0.8648649
1000154 0.8648649
1000159 0.8648649
1000164 0.8648649
1000168 0
1000170 0.013513514
1000175 0.013513514
1000181 0.027027028
1000183 0.013513514
1000187 0.027027028
1000190 0.8648649
1000191 0.8648649
1000193 0.8648649
1000197 0.013513514
1000202 0.8648649
1000204 0.8648649
1000206 0.8648649
1000208 0.013513514
1000211 0.8648649
1000212 0.013513514
1000214 0.8648649
1000216 0.8648649
1000221 0.8648649
1000222 0.8648649
1000225 0.8648649
1000230 0.8648649
1000233 0.013513514
1000235 0.027027028
1000237 0.013513514
1000240 0
1000242 0.8648649
1000246 0
1000248 0.013513514
1000252 0.013513514
1000254 0.8648649
1000258 0
1000260 0.013513514
1000264 0
1000266 0.8648649
1000270 0.013513514
1000273 0
1000275 0.013513514
1000276 0.013513514
1000144 0
1000165 0
1000171 0
1000173 0
1000176 0
1000177 0
1000179 0
1000180 0
1000184 0
1000186 0
1000194 0
1000195 0
1000207 0
1000231 0
1000249 0
1000261 0
