1000100 0.9736842
1000187 0
1000105 0.34210527
1000109 0.7631579
1000112 0.7368421
1000115 0.7368421
1000120 0.4473684
1000122 0.47368422
1000124 0.5
1000125 0.5263158
1000127 0.02631579
1000129 0.42105263
1000132 0.4473684
1000135 0.42105263
1000138 0
1000142 0.34210527
1000144 0.36842105
1000148 0.47368422
1000151 0.4473684
1000154 0.4473684
1000159 0.31578946
1000161 0.31578946
1000162 0.31578946
1000166 0.31578946
1000168 0.31578946
1000170 0.31578946
1000171 0
1000175 0.31578946
1000178 0.02631579
1000181 0.02631579
1000182 0.078947365
1000185 0.02631579
1000123 0
1000136 0
1000145 0
1000163 0
1000169 0
1000183 0
