1000100 0.983871
1000255 0
1000104 0.83870965
1000107 0.82258064
1000111 0.87096775
1000118 0.016129032
1000125 0.048387095
1000129 0.7258065
1000131 0.8064516
1000136 0.7096774
1000137 0.7096774
1000138 0.7096774
1000146 0.016129032
1000149 0.7096774
1000151 0.7096774
1000156 0.7096774
1000161 0.7096774
1000165 0
1000167 0.016129032
1000172 0.016129032
1000178 0.032258064
1000180 0.016129032
1000184 0.032258064
1000187 0.7096774
1000188 0.7096774
1000190 0.7096774
1000194 0.016129032
1000199 0.7096774
1000201 0.7096774
1000203 0.7096774
1000205 0
1000208 0.7096774
1000209 0.016129032
1000211 0.7096774
1000213 0.7096774
1000218 0.7096774
1000219 0.7096774
1000222 0.7096774
1000228 0
1000231 0
1000233 0
1000235 0.032258064
1000239 0.016129032
1000242 0
1000244 0.016129032
1000246 0.048387095
1000247 0.06451613
1000251 0.016129032
1000253 0.016129032
1000141 0
1000162 0
1000168 0
1000170 0
1000173 0
1000174 0
1000176 0
1000177 0
1000181 0
1000183 0
1000191 0
1000192 0
1000204 0
