1000100 0.9859155
1000291 0
1000104 0.028169014
1000106 0.04225352
1000111 0.014084507
1000117 0.04225352
1000124 0.57746476
1000125 0.57746476
1000126 0.57746476
1000134 0.014084507
1000137 0.57746476
1000139 0.57746476
1000144 0.57746476
1000149 0.57746476
1000153 0
1000155 0.014084507
1000160 0.014084507
1000166 0.028169014
1000168 0.014084507
1000172 0.028169014
1000175 0.57746476
1000176 0.57746476
1000178 0.57746476
1000182 0.014084507
1000187 0.57746476
1000189 0.57746476
1000192 0.57746476
1000197 0.57746476
1000198 0.57746476
1000201 0.57746476
1000206 0.028169014
1000208 0.57746476
1000210 0
1000212 0.028169014
1000216 0.014084507
1000219 0
1000221 0.014084507
1000222 0.014084507
1000229 0.15492958
1000237 0.04225352
1000239 0.056338027
1000241 0.07042254
1000242 0.08450704
1000244 0.014084507
1000247 0.09859155
1000250 0.08450704
1000253 0.08450704
1000256 0.04225352
1000262 0.14084508
1000266 0.028169014
1000272 0.08450704
1000275 0.07042254
1000278 0.07042254
1000281 0.028169014
1000287 0.014084507
1000289 0.014084507
1000129 0
1000150 0
1000156 0
1000158 0
1000161 0
1000162 0
1000164 0
1000165 0
1000169 0
1000171 0
1000179 0
1000180 0
1000257 0
1000267 0
1000282 0
