1000100 0.9830508
1000250 0
1000104 0.8135593
1000107 0.7966102
1000111 0
1000116 0.016949153
1000123 0.050847456
1000127 0.7627119
1000129 0.779661
1000134 0.7457627
1000135 0.7457627
1000136 0.7457627
1000144 0.016949153
1000147 0.7457627
1000149 0.7457627
1000154 0.7457627
1000159 0.7457627
1000163 0
1000165 0.016949153
1000170 0.016949153
1000176 0.033898305
1000178 0.016949153
1000182 0.033898305
1000185 0.7457627
1000186 0.7457627
1000188 0.7457627
1000192 0.016949153
1000197 0.7457627
1000199 0.7457627
1000201 0.7457627
1000203 0.016949153
1000206 0.7457627
1000207 0.016949153
1000209 0.7457627
1000211 0.7457627
1000216 0.7457627
1000217 0.7457627
1000220 0.7457627
1000226 0
1000229 0
1000231 0
1000233 0.033898305
1000237 0.016949153
1000240 0
1000242 0.016949153
1000243 0.016949153
1000139 0
1000160 0
1000166 0
1000168 0
1000171 0
1000172 0
1000174 0
1000175 0
1000179 0
1000181 0
1000189 0
1000190 0
1000202 0
