1000100 0.98630136
1000277 0
1000103 0
1000104 0.8356164
1000108 0.89041096
1000115 0.01369863
1000122 0.04109589
1000126 0.8082192
1000128 0.82191783
1000133 0.79452056
1000134 0.79452056
1000135 0.79452056
1000143 0.01369863
1000146 0.79452056
1000148 0.79452056
1000153 0.79452056
1000158 0.79452056
1000162 0
1000164 0.01369863
1000169 0.01369863
1000175 0.02739726
1000177 0.01369863
1000181 0.02739726
1000184 0.79452056
1000185 0.79452056
1000187 0.79452056
1000191 0.01369863
1000196 0.79452056
1000198 0.79452056
1000200 0.79452056
1000202 0.01369863
1000205 0.79452056
1000206 0.01369863
1000208 0.79452056
1000210 0.79452056
1000215 0.79452056
1000216 0.79452056
1000219 0.79452056
1000224 0.79452056
1000227 0.01369863
1000229 0.02739726
1000231 0.01369863
1000234 0
1000236 0.79452056
1000240 0
1000242 0.01369863
1000246 0.01369863
1000248 0.79452056
1000252 0
1000254 0.01369863
1000258 0
1000260 0.02739726
1000264 0.01369863
1000267 0
1000269 0.01369863
1000271 0.02739726
1000275 0.01369863
1000138 0
1000159 0
1000165 0
1000167 0
1000170 0
1000171 0
1000173 0
1000174 0
1000178 0
1000180 0
1000188 0
1000189 0
1000201 0
1000225 0
1000243 0
1000255 0
