1000100 0.969697
1000183 0
1000103 0
1000104 0.7878788
1000108 0
1000112 0.72727275
1000114 0.75757575
1000117 0.6666667
1000118 0.6969697
1000124 0.4848485
1000125 0.5151515
1000126 0.030303031
1000129 0.54545456
1000131 0.57575756
1000137 0.33333334
1000139 0.36363637
1000142 0.18181819
1000143 0.3030303
1000146 0.21212122
1000149 0.060606062
1000154 0.09090909
1000157 0.030303031
1000163 0.030303031
1000165 0.09090909
1000171 0
1000174 0
1000175 0.060606062
1000177 0.09090909
1000181 0.030303031
1000130 0
1000147 0
1000155 0
1000166 0
