1000100 0.9836066
1000271 0
1000103 0.06557377
1000105 0.08196721
1000108 0.8852459
1000113 0.016393442
1000119 0.08196721
1000123 0.04918033
1000130 0.8032787
1000131 0.8032787
1000132 0.8032787
1000140 0.016393442
1000143 0.8032787
1000145 0.8032787
1000150 0.8032787
1000155 0.8032787
1000159 0
1000161 0.016393442
1000166 0.016393442
1000173 0.016393442
1000177 0.032786883
1000180 0.8032787
1000181 0.8032787
1000183 0.8032787
1000187 0.016393442
1000193 0.8032787
1000194 0.8032787
1000200 0.8032787
1000202 0.8032787
1000207 0.8032787
1000212 0.8032787
1000214 0.8032787
1000217 0.8032787
1000222 0.8032787
1000223 0.8032787
1000226 0.8032787
1000231 0.06557377
1000233 0.8032787
1000235 0
1000237 0.06557377
1000241 0.016393442
1000244 0.032786883
1000248 0.016393442
1000251 0
1000253 0.016393442
1000257 0.04918033
1000261 0.04918033
1000265 0.032786883
1000269 0.016393442
1000135 0
1000156 0
1000162 0
1000164 0
1000167 0
1000168 0
1000170 0
1000171 0
1000174 0
1000176 0
1000184 0
1000185 0
