1000100 0.9852941
1000294 0
1000103 0.14705883
1000105 0.16176471
1000108 0.88235295
1000115 0.014705882
1000121 0.073529415
1000125 0.04411765
1000132 0.8088235
1000133 0.8088235
1000134 0.8088235
1000142 0.014705882
1000145 0.8088235
1000147 0.8088235
1000152 0.8088235
1000157 0.8088235
1000161 0
1000163 0.014705882
1000168 0.014705882
1000175 0.014705882
1000179 0.029411765
1000182 0.8088235
1000183 0.8088235
1000185 0.8088235
1000189 0.014705882
1000195 0.8088235
1000196 0.8088235
1000202 0.8088235
1000204 0.8088235
1000209 0.8088235
1000214 0.8088235
1000216 0.8088235
1000219 0.8088235
1000224 0.8088235
1000225 0.8088235
1000228 0.8088235
1000233 0.14705883
1000235 0.8088235
1000237 0
1000239 0.05882353
1000243 0.014705882
1000246 0.029411765
1000250 0.014705882
1000253 0
1000255 0.014705882
1000257 0.16176471
1000264 0.029411765
1000267 0.13235295
1000271 0.014705882
1000277 0.073529415
1000280 0.05882353
1000283 0.05882353
1000286 0.014705882
1000292 0.014705882
1000137 0
1000158 0
1000164 0
1000166 0
1000169 0
1000170 0
1000172 0
1000173 0
1000176 0
1000178 0
1000186 0
1000187 0
1000272 0
1000287 0
