1000100 0.9864865
1000286 0
1000104 0.8378378
1000107 0.8243243
1000111 0
1000117 0.013513514
1000124 0.04054054
1000128 0.7972973
1000130 0.8108108
1000135 0.7837838
1000136 0.7837838
1000137 0.7837838
1000145 0.013513514
1000148 0.7837838
1000150 0.7837838
1000155 0.7837838
1000160 0.7837838
1000164 0
1000166 0.013513514
1000171 0.013513514
1000177 0.027027028
1000179 0.013513514
1000183 0.027027028
1000186 0.7837838
1000187 0.7837838
1000189 0.7837838
1000193 0.013513514
1000198 0.7837838
1000200 0.7837838
1000202 0.7837838
1000204 0.013513514
1000207 0.7837838
1000208 0.013513514
1000210 0.7837838
1000212 0.7837838
1000217 0.7837838
1000218 0.7837838
1000221 0.7837838
1000226 0.7837838
1000229 0.013513514
1000231 0.027027028
1000233 0.013513514
1000236 0
1000238 0.7837838
1000242 0
1000244 0.013513514
1000248 0.013513514
1000250 0.7837838
1000254 0
1000256 0.013513514
1000260 0
1000262 0.027027028
1000266 0.013513514
1000269 0
1000271 0.013513514
1000274 0.013513514
1000280 0.027027028
1000284 0.013513514
1000140 0
1000161 0
1000167 0
1000169 0
1000172 0
1000173 0
1000175 0
1000176 0
1000180 0
1000182 0
1000190 0
1000191 0
1000203 0
1000227 0
1000245 0
1000257 0
