1000100 0.9705882
1000191 0
1000105 0
1000106 0.7352941
1000110 0.7941176
1000113 0.7647059
1000116 0.7647059
1000121 0.7058824
1000123 0.7058824
1000126 0.7058824
1000127 0.7058824
1000133 0.7058824
1000134 0.7058824
1000135 0.029411765
1000138 0.7058824
1000140 0.7058824
1000146 0.7058824
1000148 0.7058824
1000151 0.7058824
1000152 0.7058824
1000155 0.7058824
1000158 0.05882353
1000163 0.7058824
1000166 0.029411765
1000172 0.029411765
1000174 0.7058824
1000180 0.11764706
1000183 0.0882353
1000186 0.0882353
1000189 0.029411765
1000139 0
1000156 0
1000164 0
1000175 0
