1000100 0.9880952
1000320 0
1000105 0
1000106 0.86904764
1000110 0.86904764
1000113 0.85714287
1000116 0.85714287
1000122 0.011904762
1000129 0.85714287
1000133 0.85714287
1000137 0.85714287
1000139 0.85714287
1000144 0.85714287
1000145 0.85714287
1000146 0.85714287
1000154 0.011904762
1000157 0.85714287
1000159 0.85714287
1000164 0.85714287
1000169 0.85714287
1000173 0
1000175 0.011904762
1000180 0.011904762
1000187 0.011904762
1000191 0.023809524
1000194 0.85714287
1000195 0.85714287
1000197 0.85714287
1000201 0.011904762
1000207 0.85714287
1000208 0.85714287
1000214 0.85714287
1000216 0.85714287
1000221 0.85714287
1000226 0.85714287
1000228 0.85714287
1000230 0.85714287
1000232 0.011904762
1000235 0.85714287
1000236 0.011904762
1000238 0.85714287
1000240 0.85714287
1000245 0.85714287
1000246 0.85714287
1000249 0.85714287
1000254 0.85714287
1000257 0.011904762
1000259 0.023809524
1000261 0.011904762
1000264 0
1000266 0.85714287
1000270 0
1000272 0.011904762
1000276 0.011904762
1000278 0.85714287
1000282 0
1000284 0.011904762
1000288 0
1000290 0.85714287
1000294 0.011904762
1000297 0.85714287
1000301 0.011904762
1000304 0
1000306 0.011904762
1000308 0.04761905
1000311 0.035714287
1000314 0.035714287
1000317 0.011904762
1000149 0
1000170 0
1000176 0
1000178 0
1000181 0
1000182 0
1000184 0
1000185 0
1000188 0
1000190 0
1000198 0
1000199 0
1000231 0
1000255 0
1000273 0
1000285 0
