1000100 0.98571426
1000293 0
1000104 0.8428571
1000107 0.82857144
1000111 0
1000117 0.014285714
1000124 0.071428575
1000128 0.042857144
1000132 0.7714286
1000134 0.8142857
1000139 0.75714284
1000140 0.75714284
1000141 0.75714284
1000149 0.014285714
1000152 0.75714284
1000154 0.75714284
1000159 0.75714284
1000164 0.75714284
1000168 0
1000170 0.014285714
1000175 0.014285714
1000182 0.014285714
1000186 0.028571429
1000189 0.75714284
1000190 0.75714284
1000192 0.75714284
1000196 0.014285714
1000202 0.75714284
1000203 0.75714284
1000209 0.75714284
1000211 0.75714284
1000216 0.75714284
1000221 0.75714284
1000223 0.75714284
1000225 0.75714284
1000227 0
1000230 0.75714284
1000231 0.014285714
1000233 0.75714284
1000235 0.75714284
1000240 0.75714284
1000241 0.75714284
1000244 0.75714284
1000250 0
1000253 0
1000255 0
1000257 0.057142857
1000261 0.014285714
1000264 0.028571429
1000268 0.014285714
1000271 0
1000273 0.014285714
1000276 0.014285714
1000281 0.042857144
1000283 0.057142857
1000287 0.028571429
1000291 0.014285714
1000144 0
1000165 0
1000171 0
1000173 0
1000176 0
1000177 0
1000179 0
1000180 0
1000183 0
1000185 0
1000193 0
1000194 0
1000226 0
