1000100 0.9836066
1000256 0
1000104 0.852459
1000107 0.8360656
1000115 0.016393442
1000122 0.04918033
1000126 0.73770493
1000128 0.8196721
1000133 0.72131145
1000134 0.72131145
1000135 0.72131145
1000143 0.016393442
1000146 0.72131145
1000148 0.72131145
1000153 0.72131145
1000158 0.72131145
1000162 0
1000164 0.016393442
1000169 0.016393442
1000175 0.032786883
1000177 0.016393442
1000181 0.032786883
1000184 0.72131145
1000185 0.72131145
1000187 0.72131145
1000191 0.016393442
1000196 0.72131145
1000198 0.72131145
1000200 0.72131145
1000202 0
1000205 0.72131145
1000206 0.016393442
1000208 0.72131145
1000210 0.72131145
1000215 0.72131145
1000216 0.72131145
1000219 0.72131145
1000225 0
1000228 0
1000230 0
1000232 0.032786883
1000236 0.016393442
1000239 0
1000241 0.016393442
1000244 0.04918033
1000246 0.06557377
1000250 0.032786883
1000254 0.016393442
1000138 0
1000159 0
1000165 0
1000167 0
1000170 0
1000171 0
1000173 0
1000174 0
1000178 0
1000180 0
1000188 0
1000189 0
1000201 0
