1000100 0.9866667
1000285 0
1000103 0
1000104 0.82666665
1000108 0
1000114 0.013333334
1000121 0.04
1000125 0.8
1000127 0.81333333
1000132 0.7866667
1000133 0.7866667
1000134 0.7866667
1000142 0.013333334
1000145 0.7866667
1000147 0.7866667
1000152 0.7866667
1000157 0.7866667
1000161 0
1000163 0.013333334
1000168 0.013333334
1000174 0.026666667
1000176 0.013333334
1000180 0.026666667
1000183 0.7866667
1000184 0.7866667
1000186 0.7866667
1000190 0.013333334
1000195 0.7866667
1000197 0.7866667
1000199 0.7866667
1000201 0.013333334
1000204 0.7866667
1000205 0.013333334
1000207 0.7866667
1000209 0.7866667
1000214 0.7866667
1000215 0.7866667
1000218 0.7866667
1000223 0.7866667
1000226 0.013333334
1000228 0.026666667
1000230 0.013333334
1000233 0
1000235 0.7866667
1000239 0
1000241 0.013333334
1000245 0.013333334
1000247 0.7866667
1000251 0
1000253 0.013333334
1000257 0
1000259 0.026666667
1000263 0.013333334
1000266 0
1000268 0.013333334
1000271 0.013333334
1000275 0
1000278 0.013333334
1000282 0.013333334
1000137 0
1000158 0
1000164 0
1000166 0
1000169 0
1000170 0
1000172 0
1000173 0
1000177 0
1000179 0
1000187 0
1000188 0
1000200 0
1000224 0
1000242 0
1000254 0
