1000100 0.98550725
1000288 0
1000104 0.85507244
1000107 0.8405797
1000111 0
1000116 0.014492754
1000123 0.072463766
1000127 0.04347826
1000131 0.7826087
1000133 0.82608694
1000138 0.76811594
1000139 0.76811594
1000140 0.76811594
1000148 0.014492754
1000151 0.76811594
1000153 0.76811594
1000158 0.76811594
1000163 0.76811594
1000167 0
1000169 0.014492754
1000174 0.014492754
1000181 0.014492754
1000185 0.028985508
1000188 0.76811594
1000189 0.76811594
1000191 0.76811594
1000195 0.014492754
1000201 0.76811594
1000202 0.76811594
1000208 0.76811594
1000210 0.76811594
1000215 0.76811594
1000220 0.76811594
1000222 0.76811594
1000224 0.76811594
1000226 0
1000229 0.76811594
1000230 0.014492754
1000232 0.76811594
1000234 0.76811594
1000239 0.76811594
1000240 0.76811594
1000243 0.76811594
1000249 0
1000252 0
1000254 0
1000256 0.057971016
1000260 0.014492754
1000263 0.028985508
1000267 0.014492754
1000270 0
1000272 0.014492754
1000276 0.04347826
1000278 0.057971016
1000282 0.028985508
1000286 0.014492754
1000143 0
1000164 0
1000170 0
1000172 0
1000175 0
1000176 0
1000178 0
1000179 0
1000182 0
1000184 0
1000192 0
1000193 0
1000225 0
