1000100 0.9836066
1000258 0
1000105 0.86885244
1000108 0.852459
1000112 0.852459
1000115 0.8360656
1000118 0.8360656
1000124 0.016393442
1000131 0.8360656
1000135 0.8360656
1000137 0.8360656
1000142 0.8360656
1000143 0.8360656
1000144 0.8360656
1000152 0.016393442
1000155 0.8360656
1000157 0.8360656
1000162 0.8360656
1000167 0.8360656
1000171 0
1000173 0.016393442
1000178 0.016393442
1000184 0.032786883
1000186 0.016393442
1000190 0.032786883
1000193 0.8360656
1000194 0.8360656
1000196 0.8360656
1000200 0.016393442
1000205 0.8360656
1000207 0.8360656
1000209 0.8360656
1000211 0.016393442
1000214 0.8360656
1000215 0.016393442
1000217 0.8360656
1000219 0.8360656
1000224 0.8360656
1000225 0.8360656
1000228 0.8360656
1000234 0
1000237 0
1000239 0
1000241 0.8360656
1000245 0.016393442
1000248 0
1000250 0.016393442
1000251 0.016393442
1000147 0
1000168 0
1000174 0
1000176 0
1000179 0
1000180 0
1000182 0
1000183 0
1000187 0
1000189 0
1000197 0
1000198 0
1000210 0
