1000100 0.98630136
1000281 0
1000104 0.84931505
1000107 0.8356164
1000111 0
1000116 0.01369863
1000123 0.04109589
1000127 0.8082192
1000129 0.82191783
1000134 0.79452056
1000135 0.79452056
1000136 0.79452056
1000144 0.01369863
1000147 0.79452056
1000149 0.79452056
1000154 0.79452056
1000159 0.79452056
1000163 0
1000165 0.01369863
1000170 0.01369863
1000176 0.02739726
1000178 0.01369863
1000182 0.02739726
1000185 0.79452056
1000186 0.79452056
1000188 0.79452056
1000192 0.01369863
1000197 0.79452056
1000199 0.79452056
1000201 0.79452056
1000203 0.01369863
1000206 0.79452056
1000207 0.01369863
1000209 0.79452056
1000211 0.79452056
1000216 0.79452056
1000217 0.79452056
1000220 0.79452056
1000225 0.79452056
1000228 0.01369863
1000230 0.02739726
1000232 0.01369863
1000235 0
1000237 0.79452056
1000241 0
1000243 0.01369863
1000247 0.01369863
1000249 0.79452056
1000253 0
1000255 0.01369863
1000259 0
1000261 0.02739726
1000265 0.01369863
1000268 0
1000270 0.01369863
1000275 0.02739726
1000279 0.01369863
1000139 0
1000160 0
1000166 0
1000168 0
1000171 0
1000172 0
1000174 0
1000175 0
1000179 0
1000181 0
1000189 0
1000190 0
1000202 0
1000226 0
1000244 0
1000256 0
