1000100 0.969697
1000188 0
1000104 0.121212125
1000108 0.7878788
1000111 0.75757575
1000114 0.75757575
1000117 0.45454547
1000119 0.4848485
1000121 0.5151515
1000122 0.54545456
1000124 0.030303031
1000126 0.42424244
1000129 0.45454547
1000132 0.42424244
1000135 0
1000143 0.33333334
1000146 0.36363637
1000149 0.27272728
1000152 0
1000156 0.21212122
1000158 0.24242425
1000161 0.21212122
1000164 0.18181819
1000167 0.18181819
1000170 0.060606062
1000177 0.060606062
1000180 0
1000184 0.030303031
1000186 0.030303031
1000120 0
1000133 0
1000171 0
1000174 0
