1000100 0.9677419
1000186 0
1000105 0
1000106 0.6451613
1000110 0.7096774
1000113 0.67741936
1000116 0.67741936
1000121 0.61290324
1000123 0.61290324
1000127 0.61290324
1000128 0.61290324
1000133 0.61290324
1000135 0.61290324
1000139 0.61290324
1000144 0.61290324
1000145 0.61290324
1000146 0.032258064
1000149 0.61290324
1000151 0.61290324
1000157 0.032258064
1000159 0.61290324
1000164 0.032258064
1000167 0.19354838
1000170 0.16129032
1000173 0.16129032
1000177 0
1000178 0.06451613
1000180 0.09677419
1000184 0.06451613
1000150 0
1000160 0
