1000100 0.972973
1000207 0
1000105 0.2972973
1000107 0.3243243
1000110 0.5135135
1000113 0.4864865
1000116 0.4864865
1000121 0.43243244
1000125 0.3783784
1000126 0.4054054
1000132 0.2972973
1000134 0.3243243
1000138 0.027027028
1000141 0.6486486
1000144 0.6216216
1000147 0.6216216
1000153 0.08108108
1000155 0.10810811
1000157 0.13513513
1000158 0.16216215
1000160 0.027027028
1000163 0.1891892
1000166 0.16216215
1000169 0.16216215
1000172 0.08108108
1000178 0.27027026
1000182 0.054054055
1000188 0.16216215
1000191 0.13513513
1000194 0.13513513
1000197 0.054054055
1000203 0.027027028
1000205 0.027027028
1000156 0
1000173 0
1000183 0
1000198 0
