1000100 0.9705882
1000203 0
1000103 0.32352942
1000105 0.3529412
1000108 0
1000113 0.47058824
1000117 0.4117647
1000118 0.44117647
1000124 0.32352942
1000126 0.3529412
1000130 0.029411765
1000134 0.029411765
1000138 0
1000144 0.0882353
1000146 0.11764706
1000148 0.14705883
1000149 0.1764706
1000151 0.029411765
1000154 0.20588236
1000157 0.1764706
1000160 0.1764706
1000163 0.0882353
1000169 0.29411766
1000173 0.05882353
1000179 0.1764706
1000182 0.14705883
1000185 0.14705883
1000188 0.05882353
1000194 0.029411765
1000196 0.029411765
1000200 0.029411765
1000164 0
1000174 0
1000189 0
