1000100 0.9848485
1000281 0
1000104 0.8484849
1000107 0.8333333
1000111 0
1000116 0.015151516
1000123 0.07575758
1000127 0.045454547
1000131 0.8030303
1000133 0.8181818
1000138 0.7878788
1000139 0.7878788
1000140 0.7878788
1000148 0.015151516
1000151 0.7878788
1000153 0.7878788
1000158 0.7878788
1000163 0.7878788
1000167 0
1000169 0.015151516
1000174 0.015151516
1000181 0.015151516
1000185 0.030303031
1000188 0.7878788
1000189 0.7878788
1000191 0.7878788
1000195 0.015151516
1000201 0.7878788
1000202 0.7878788
1000208 0.7878788
1000210 0.7878788
1000215 0.7878788
1000220 0.7878788
1000222 0.7878788
1000224 0.7878788
1000226 0.015151516
1000229 0.7878788
1000230 0.015151516
1000232 0.7878788
1000234 0.7878788
1000239 0.7878788
1000240 0.7878788
1000243 0.7878788
1000249 0
1000252 0
1000254 0
1000256 0.060606062
1000260 0.015151516
1000263 0.030303031
1000267 0.015151516
1000270 0
1000272 0.015151516
1000274 0.015151516
1000143 0
1000164 0
1000170 0
1000172 0
1000175 0
1000176 0
1000178 0
1000179 0
1000182 0
1000184 0
1000192 0
1000193 0
1000225 0
