1000100 0.98214287
1000239 0
1000103 0.14285715
1000105 0.16071428
1000112 0.017857144
1000118 0.05357143
1000125 0.83928573
1000126 0.83928573
1000127 0.83928573
1000135 0.017857144
1000138 0.83928573
1000140 0.83928573
1000145 0.83928573
1000150 0.83928573
1000154 0
1000156 0.017857144
1000161 0.017857144
1000167 0.035714287
1000169 0.017857144
1000173 0.035714287
1000176 0.83928573
1000177 0.83928573
1000179 0.83928573
1000183 0.017857144
1000188 0.83928573
1000190 0.83928573
1000193 0.83928573
1000198 0.83928573
1000199 0.83928573
1000202 0.83928573
1000207 0.14285715
1000209 0.83928573
1000211 0
1000213 0.035714287
1000217 0.017857144
1000220 0
1000222 0.017857144
1000224 0.125
1000229 0.05357143
1000231 0.071428575
1000233 0.08928572
1000235 0.035714287
1000237 0.017857144
1000130 0
1000151 0
1000157 0
1000159 0
1000162 0
1000163 0
1000165 0
1000166 0
1000170 0
1000172 0
1000180 0
1000181 0
1000232 0
