1000100 0.984375
1000270 0
1000103 0.125
1000105 0.140625
1000108 0
1000113 0.015625
1000119 0.078125
1000123 0.046875
1000130 0.828125
1000131 0.828125
1000132 0.828125
1000140 0.015625
1000143 0.828125
1000145 0.828125
1000150 0.828125
1000155 0.828125
1000159 0
1000161 0.015625
1000166 0.015625
1000173 0.015625
1000177 0.03125
1000180 0.828125
1000181 0.828125
1000183 0.828125
1000187 0.015625
1000193 0.828125
1000194 0.828125
1000200 0.828125
1000202 0.828125
1000207 0.828125
1000212 0.828125
1000214 0.828125
1000217 0.828125
1000222 0.828125
1000223 0.828125
1000226 0.828125
1000231 0.125
1000233 0.828125
1000235 0
1000237 0.0625
1000241 0.015625
1000244 0.03125
1000248 0.015625
1000251 0
1000253 0.015625
1000255 0.109375
1000260 0.046875
1000262 0.0625
1000264 0.078125
1000266 0.03125
1000268 0.015625
1000135 0
1000156 0
1000162 0
1000164 0
1000167 0
1000168 0
1000170 0
1000171 0
1000174 0
1000176 0
1000184 0
1000185 0
1000263 0
