1000100 0.9876543
1000305 0
1000103 0
1000104 0.83950615
1000110 0.012345679
1000117 0.061728396
1000121 0.037037037
1000125 0.8148148
1000127 0.8271605
1000132 0.80246913
1000133 0.80246913
1000134 0.80246913
1000142 0.012345679
1000145 0.80246913
1000147 0.80246913
1000152 0.80246913
1000157 0.80246913
1000161 0
1000163 0.012345679
1000168 0.012345679
1000175 0.012345679
1000179 0.024691358
1000182 0.80246913
1000183 0.80246913
1000185 0.80246913
1000189 0.012345679
1000195 0.80246913
1000196 0.80246913
1000202 0.80246913
1000204 0.80246913
1000209 0.80246913
1000214 0.80246913
1000216 0.80246913
1000218 0.80246913
1000220 0
1000223 0.80246913
1000224 0.012345679
1000226 0.80246913
1000228 0.80246913
1000233 0.80246913
1000234 0.80246913
1000237 0.80246913
1000242 0.80246913
1000245 0.012345679
1000247 0.024691358
1000249 0.012345679
1000252 0
1000254 0.80246913
1000258 0
1000260 0.012345679
1000264 0.012345679
1000266 0.80246913
1000270 0
1000272 0.012345679
1000276 0
1000278 0.049382716
1000282 0.012345679
1000285 0.024691358
1000289 0.012345679
1000292 0
1000294 0.012345679
1000296 0
1000297 0.024691358
1000299 0.037037037
1000303 0.012345679
1000137 0
1000158 0
1000164 0
1000166 0
1000169 0
1000170 0
1000172 0
1000173 0
1000176 0
1000178 0
1000186 0
1000187 0
1000219 0
1000243 0
1000261 0
1000273 0
