1000100 0.984127
1000259 0
1000104 0.85714287
1000107 0.84126985
1000113 0.015873017
1000120 0.04761905
1000124 0.71428573
1000126 0.82539684
1000131 0.6984127
1000132 0.6984127
1000133 0.6984127
1000141 0.015873017
1000144 0.6984127
1000146 0.6984127
1000151 0.6984127
1000156 0.6984127
1000160 0
1000162 0.015873017
1000167 0.015873017
1000173 0.031746034
1000175 0.015873017
1000179 0.031746034
1000182 0.6984127
1000183 0.6984127
1000185 0.6984127
1000189 0.015873017
1000194 0.6984127
1000196 0.6984127
1000198 0.6984127
1000200 0
1000203 0.6984127
1000204 0.015873017
1000206 0.6984127
1000208 0.6984127
1000213 0.6984127
1000214 0.6984127
1000217 0.6984127
1000223 0
1000226 0
1000228 0
1000230 0.031746034
1000234 0.015873017
1000237 0
1000239 0.015873017
1000242 0.0952381
1000246 0.07936508
1000250 0.04761905
1000251 0.06349207
1000255 0.015873017
1000257 0.015873017
1000136 0
1000157 0
1000163 0
1000165 0
1000168 0
1000169 0
1000171 0
1000172 0
1000176 0
1000178 0
1000186 0
1000187 0
1000199 0
