1000100 0.9677419
1000191 0
1000104 0.032258064
1000109 0.032258064
1000113 0.032258064
1000118 0
1000124 0.19354838
1000126 0.22580644
1000128 0.2580645
1000129 0.29032257
1000131 0.032258064
1000133 0.16129032
1000136 0.19354838
1000139 0.12903225
1000142 0
1000146 0.06451613
1000148 0.09677419
1000151 0.032258064
1000157 0.41935483
1000163 0.32258064
1000165 0.3548387
1000166 0.38709676
1000170 0.16129032
1000172 0.19354838
1000174 0.22580644
1000175 0
1000179 0.12903225
1000182 0.032258064
1000185 0.032258064
1000186 0.09677419
1000189 0.032258064
