1000100 0.972973
1000202 0
1000104 0.45945945
1000106 0.4864865
1000108 0.5135135
1000109 0.5405405
1000111 0
1000114 0.3783784
1000116 0.4054054
1000118 0.43243244
1000119 0.45945945
1000121 0.027027028
1000123 0.43243244
1000126 0.45945945
1000129 0.10810811
1000132 0
1000136 0.35135135
1000139 0.3783784
1000142 0.027027028
1000145 0
1000150 0.10810811
1000152 0.08108108
1000159 0.2972973
1000162 0.3243243
1000165 0.24324325
1000168 0
1000172 0.1891892
1000174 0.21621622
1000177 0.1891892
1000180 0.16216215
1000183 0.16216215
1000186 0.054054055
1000193 0.054054055
1000196 0
1000200 0.027027028
1000187 0
1000190 0
