1000100 0.9866667
1000310 0
1000104 0.7866667
1000107 0.7733333
1000111 0.82666665
1000116 0.013333334
1000123 0.06666667
1000127 0.04
1000131 0.68
1000133 0.74666667
1000138 0.6666667
1000139 0.6666667
1000140 0.6666667
1000148 0.013333334
1000151 0.6666667
1000153 0.6666667
1000158 0.6666667
1000163 0.6666667
1000167 0
1000169 0.013333334
1000174 0.013333334
1000181 0.013333334
1000185 0.026666667
1000188 0.6666667
1000189 0.6666667
1000191 0.6666667
1000195 0.013333334
1000201 0.6666667
1000202 0.6666667
1000208 0.6666667
1000210 0.6666667
1000215 0.6666667
1000220 0.6666667
1000222 0.6666667
1000224 0.6666667
1000226 0
1000229 0.6666667
1000230 0.013333334
1000232 0.6666667
1000234 0.6666667
1000239 0.6666667
1000240 0.6666667
1000243 0.6666667
1000249 0
1000252 0
1000254 0
1000256 0.053333335
1000260 0.013333334
1000263 0.026666667
1000267 0.013333334
1000270 0
1000272 0.013333334
1000275 0.06666667
1000279 0.12
1000283 0.04
1000286 0.026666667
1000288 0.04
1000292 0.013333334
1000298 0.04
1000301 0.026666667
1000303 0.04
1000308 0.013333334
1000143 0
1000164 0
1000170 0
1000172 0
1000175 0
1000176 0
1000178 0
1000179 0
1000182 0
1000184 0
1000192 0
1000193 0
1000225 0
