1000100 0.983871
1000277 0
1000103 0.09677419
1000105 0.11290322
1000110 0.016129032
1000116 0.08064516
1000120 0.048387095
1000127 0.82258064
1000128 0.82258064
1000129 0.82258064
1000137 0.016129032
1000140 0.82258064
1000142 0.82258064
1000147 0.82258064
1000152 0.82258064
1000156 0
1000158 0.016129032
1000163 0.016129032
1000170 0.016129032
1000174 0.032258064
1000177 0.82258064
1000178 0.82258064
1000180 0.82258064
1000184 0.016129032
1000190 0.82258064
1000191 0.82258064
1000197 0.82258064
1000199 0.82258064
1000204 0.82258064
1000209 0.82258064
1000211 0.82258064
1000214 0.82258064
1000219 0.82258064
1000220 0.82258064
1000223 0.82258064
1000228 0.09677419
1000230 0.82258064
1000232 0
1000234 0.06451613
1000238 0.016129032
1000241 0.032258064
1000245 0.016129032
1000248 0
1000250 0.016129032
1000253 0.08064516
1000257 0.06451613
1000263 0.048387095
1000267 0.048387095
1000271 0.032258064
1000275 0.016129032
1000132 0
1000153 0
1000159 0
1000161 0
1000164 0
1000165 0
1000167 0
1000168 0
1000171 0
1000173 0
1000181 0
1000182 0
