1000100 0.98275864
1000246 0
1000103 0.13793103
1000105 0.15517241
1000108 0
1000114 0.01724138
1000120 0.05172414
1000127 0.82758623
1000128 0.82758623
1000129 0.82758623
1000137 0.01724138
1000140 0.82758623
1000142 0.82758623
1000147 0.82758623
1000152 0.82758623
1000156 0
1000158 0.01724138
1000163 0.01724138
1000169 0.03448276
1000171 0.01724138
1000175 0.03448276
1000178 0.82758623
1000179 0.82758623
1000181 0.82758623
1000185 0.01724138
1000190 0.82758623
1000192 0.82758623
1000195 0.82758623
1000200 0.82758623
1000201 0.82758623
1000204 0.82758623
1000209 0.13793103
1000211 0.82758623
1000213 0
1000215 0.03448276
1000219 0.01724138
1000222 0
1000224 0.01724138
1000227 0.01724138
1000231 0.12068965
1000236 0.05172414
1000238 0.06896552
1000240 0.0862069
1000242 0.03448276
1000244 0.01724138
1000132 0
1000153 0
1000159 0
1000161 0
1000164 0
1000165 0
1000167 0
1000168 0
1000172 0
1000174 0
1000182 0
1000183 0
1000239 0
