1000100 0.9811321
1000243 0
1000103 0.43396226
1000105 0.4528302
1000108 0.49056605
1000110 0.018867925
1000117 0.43396226
1000121 0.8490566
1000126 0.056603774
1000128 0.0754717
1000130 0.094339624
1000131 0.11320755
1000133 0.018867925
1000136 0.13207547
1000139 0.11320755
1000142 0.11320755
1000145 0.056603774
1000151 0.18867925
1000155 0.03773585
1000161 0.11320755
1000164 0.094339624
1000167 0.094339624
1000170 0.03773585
1000176 0.018867925
1000178 0.018867925
1000185 0.056603774
1000187 0.0754717
1000189 0.094339624
1000190 0.11320755
1000192 0.018867925
1000195 0.13207547
1000198 0.11320755
1000201 0.11320755
1000204 0.056603774
1000210 0.18867925
1000211 0.2264151
1000214 0.20754717
1000218 0.03773585
1000224 0.11320755
1000227 0.094339624
1000230 0.094339624
1000233 0.03773585
1000239 0.018867925
1000241 0.018867925
1000113 0
1000129 0
1000146 0
1000156 0
1000171 0
1000188 0
1000205 0
1000219 0
1000234 0
