1000100 0.9814815
1000242 0
1000103 0.074074075
1000105 0.09259259
1000108 0
1000113 0.018518519
1000119 0.055555556
1000126 0.8148148
1000127 0.8148148
1000128 0.8148148
1000136 0.018518519
1000139 0.8148148
1000141 0.8148148
1000146 0.8148148
1000151 0.8148148
1000155 0
1000157 0.018518519
1000162 0.018518519
1000168 0.037037037
1000170 0.018518519
1000174 0.037037037
1000177 0.8148148
1000178 0.8148148
1000180 0.8148148
1000184 0.018518519
1000189 0.8148148
1000191 0.8148148
1000194 0.8148148
1000199 0.8148148
1000200 0.8148148
1000203 0.8148148
1000208 0.074074075
1000210 0.8148148
1000212 0
1000214 0.037037037
1000218 0.018518519
1000221 0
1000223 0.018518519
1000228 0.055555556
1000232 0.055555556
1000236 0.037037037
1000240 0.018518519
1000131 0
1000152 0
1000158 0
1000160 0
1000163 0
1000164 0
1000166 0
1000167 0
1000171 0
1000173 0
1000181 0
1000182 0
