1000100 0.9875
1000307 0
1000103 0
1000104 0.8625
1000110 0.0125
1000117 0.0625
1000121 0.0375
1000125 0.8375
1000127 0.85
1000132 0.825
1000133 0.825
1000134 0.825
1000142 0.0125
1000145 0.825
1000147 0.825
1000152 0.825
1000157 0.825
1000161 0
1000163 0.0125
1000168 0.0125
1000175 0.0125
1000179 0.025
1000182 0.825
1000183 0.825
1000185 0.825
1000189 0.0125
1000195 0.825
1000196 0.825
1000202 0.825
1000204 0.825
1000209 0.825
1000214 0.825
1000216 0.825
1000218 0.825
1000220 0
1000223 0.825
1000224 0.0125
1000226 0.825
1000228 0.825
1000233 0.825
1000234 0.825
1000237 0.825
1000242 0.825
1000245 0.0125
1000247 0.025
1000249 0.0125
1000252 0
1000254 0.825
1000258 0
1000260 0.0125
1000264 0.0125
1000266 0.825
1000270 0
1000272 0.0125
1000276 0
1000278 0.05
1000282 0.0125
1000285 0.025
1000289 0.0125
1000292 0
1000294 0.0125
1000297 0.0375
1000301 0.025
1000304 0.0125
1000137 0
1000158 0
1000164 0
1000166 0
1000169 0
1000170 0
1000172 0
1000173 0
1000176 0
1000178 0
1000186 0
1000187 0
1000219 0
1000243 0
1000261 0
1000273 0
