1000100 0.9846154
1000280 0
1000104 0.03076923
1000106 0.046153847
1000111 0.015384615
1000117 0.07692308
1000121 0.046153847
1000128 0.72307694
1000129 0.72307694
1000130 0.72307694
1000138 0.015384615
1000141 0.72307694
1000143 0.72307694
1000148 0.72307694
1000153 0.72307694
1000157 0
1000159 0.015384615
1000164 0.015384615
1000171 0.015384615
1000175 0.03076923
1000178 0.72307694
1000179 0.72307694
1000181 0.72307694
1000185 0.015384615
1000191 0.72307694
1000192 0.72307694
1000198 0.72307694
1000200 0.72307694
1000205 0.72307694
1000210 0.72307694
1000212 0.72307694
1000215 0.72307694
1000220 0.72307694
1000221 0.72307694
1000224 0.72307694
1000229 0.03076923
1000231 0.72307694
1000233 0
1000235 0.06153846
1000239 0.015384615
1000242 0.03076923
1000246 0.015384615
1000249 0
1000251 0.015384615
1000252 0.015384615
1000259 0.12307692
1000265 0.10769231
1000270 0.046153847
1000272 0.06153846
1000274 0.07692308
1000276 0.03076923
1000278 0.015384615
1000133 0
1000154 0
1000160 0
1000162 0
1000165 0
1000166 0
1000168 0
1000169 0
1000172 0
1000174 0
1000182 0
1000183 0
1000273 0
