1000100 0.984127
1000261 0
1000104 0.8095238
1000107 0.7936508
1000111 0
1000116 0.015873017
1000123 0.04761905
1000127 0.73015875
1000129 0.7777778
1000134 0.71428573
1000135 0.71428573
1000136 0.71428573
1000144 0.015873017
1000147 0.71428573
1000149 0.71428573
1000154 0.71428573
1000159 0.71428573
1000163 0
1000165 0.015873017
1000170 0.015873017
1000176 0.031746034
1000178 0.015873017
1000182 0.031746034
1000185 0.71428573
1000186 0.71428573
1000188 0.71428573
1000192 0.015873017
1000197 0.71428573
1000199 0.71428573
1000201 0.71428573
1000203 0.015873017
1000206 0.71428573
1000207 0.015873017
1000209 0.71428573
1000211 0.71428573
1000216 0.71428573
1000217 0.71428573
1000220 0.71428573
1000226 0
1000229 0
1000231 0
1000233 0.031746034
1000237 0.015873017
1000240 0
1000242 0.015873017
1000245 0
1000249 0.04761905
1000252 0.031746034
1000254 0.04761905
1000258 0.015873017
1000139 0
1000160 0
1000166 0
1000168 0
1000171 0
1000172 0
1000174 0
1000175 0
1000179 0
1000181 0
1000189 0
1000190 0
1000202 0
