1000100 0.969697
1000193 0
1000105 0.90909094
1000108 0.8787879
1000113 0.8181818
1000115 0.8484849
1000118 0.75757575
1000119 0.7878788
1000125 0.57575756
1000126 0.6060606
1000127 0
1000130 0.6363636
1000132 0.6666667
1000138 0.42424244
1000140 0.45454547
1000143 0.27272728
1000144 0.3939394
1000147 0.3030303
1000150 0.060606062
1000155 0.18181819
1000158 0.030303031
1000164 0.030303031
1000166 0.18181819
1000171 0.030303031
1000178 0.15151516
1000184 0.09090909
1000185 0.121212125
1000189 0.030303031
1000191 0.030303031
1000131 0
1000148 0
1000156 0
1000167 0
