1000100 0.9848485
1000284 0
1000103 0.15151516
1000105 0.16666667
1000110 0.015151516
1000116 0.07575758
1000120 0.045454547
1000127 0.8333333
1000128 0.8333333
1000129 0.8333333
1000137 0.015151516
1000140 0.8333333
1000142 0.8333333
1000147 0.8333333
1000152 0.8333333
1000156 0
1000158 0.015151516
1000163 0.015151516
1000170 0.015151516
1000174 0.030303031
1000177 0.8333333
1000178 0.8333333
1000180 0.8333333
1000184 0.015151516
1000190 0.8333333
1000191 0.8333333
1000197 0.8333333
1000199 0.8333333
1000204 0.8333333
1000209 0.8333333
1000211 0.8333333
1000214 0.8333333
1000219 0.8333333
1000220 0.8333333
1000223 0.8333333
1000228 0.15151516
1000230 0.8333333
1000232 0
1000234 0.060606062
1000238 0.015151516
1000241 0.030303031
1000245 0.015151516
1000248 0
1000250 0.015151516
1000254 0.030303031
1000257 0.13636364
1000261 0.015151516
1000267 0.07575758
1000270 0.060606062
1000273 0.060606062
1000276 0.015151516
1000282 0.015151516
1000132 0
1000153 0
1000159 0
1000161 0
1000164 0
1000165 0
1000167 0
1000168 0
1000171 0
1000173 0
1000181 0
1000182 0
1000262 0
1000277 0
