1000100 0.9879518
1000323 0
1000104 0.012048192
1000109 0.012048192
1000113 0
1000114 0.012048192
1000119 0.8192771
1000126 0.012048192
1000133 0.060240965
1000137 0.036144577
1000141 0.79518074
1000143 0.8072289
1000148 0.78313255
1000149 0.78313255
1000150 0.78313255
1000158 0.012048192
1000161 0.78313255
1000163 0.78313255
1000168 0.78313255
1000173 0.78313255
1000177 0
1000179 0.012048192
1000184 0.012048192
1000191 0.012048192
1000195 0.024096385
1000198 0.78313255
1000199 0.78313255
1000201 0.78313255
1000205 0.012048192
1000211 0.78313255
1000212 0.78313255
1000218 0.78313255
1000220 0.78313255
1000225 0.78313255
1000230 0.78313255
1000232 0.78313255
1000234 0.78313255
1000236 0
1000239 0.78313255
1000240 0.012048192
1000242 0.78313255
1000244 0.78313255
1000249 0.78313255
1000250 0.78313255
1000253 0.78313255
1000258 0.78313255
1000261 0.012048192
1000263 0.024096385
1000265 0.012048192
1000268 0
1000270 0.78313255
1000274 0
1000276 0.012048192
1000280 0.012048192
1000282 0.78313255
1000286 0
1000288 0.012048192
1000292 0
1000294 0.04819277
1000298 0.012048192
1000301 0.024096385
1000305 0.012048192
1000308 0
1000310 0.012048192
1000311 0.012048192
1000317 0.024096385
1000321 0.012048192
1000153 0
1000174 0
1000180 0
1000182 0
1000185 0
1000186 0
1000188 0
1000189 0
1000192 0
1000194 0
1000202 0
1000203 0
1000235 0
1000259 0
1000277 0
1000289 0
