1000100 0.9848485
1000276 0
1000104 0.015151516
1000108 0.8333333
1000111 0.8181818
1000117 0.015151516
1000124 0.07575758
1000128 0.045454547
1000132 0.77272725
1000134 0.8030303
1000139 0.75757575
1000140 0.75757575
1000141 0.75757575
1000149 0.015151516
1000152 0.75757575
1000154 0.75757575
1000159 0.75757575
1000164 0.75757575
1000168 0
1000170 0.015151516
1000175 0.015151516
1000182 0.015151516
1000186 0.030303031
1000189 0.75757575
1000190 0.75757575
1000192 0.75757575
1000196 0.015151516
1000202 0.75757575
1000203 0.75757575
1000209 0.75757575
1000211 0.75757575
1000216 0.75757575
1000221 0.75757575
1000223 0.75757575
1000225 0.75757575
1000227 0
1000230 0.75757575
1000231 0.015151516
1000233 0.75757575
1000235 0.75757575
1000240 0.75757575
1000241 0.75757575
1000244 0.75757575
1000250 0
1000253 0
1000255 0
1000257 0.060606062
1000261 0.015151516
1000264 0.030303031
1000268 0.015151516
1000271 0
1000273 0.015151516
1000274 0.015151516
1000144 0
1000165 0
1000171 0
1000173 0
1000176 0
1000177 0
1000179 0
1000180 0
1000183 0
1000185 0
1000193 0
1000194 0
1000226 0
