1000100 0.984375
1000271 0
1000103 0.125
1000105 0.140625
1000108 0
1000113 0.015625
1000119 0.078125
1000123 0.046875
1000130 0.84375
1000131 0.84375
1000132 0.84375
1000140 0.015625
1000143 0.84375
1000145 0.84375
1000150 0.84375
1000155 0.84375
1000159 0
1000161 0.015625
1000166 0.015625
1000173 0.015625
1000177 0.03125
1000180 0.84375
1000181 0.84375
1000183 0.84375
1000187 0.015625
1000193 0.84375
1000194 0.84375
1000200 0.84375
1000202 0.84375
1000207 0.84375
1000212 0.84375
1000214 0.84375
1000217 0.84375
1000222 0.84375
1000223 0.84375
1000226 0.84375
1000231 0.125
1000233 0.84375
1000235 0
1000237 0.0625
1000241 0.015625
1000244 0.03125
1000248 0.015625
1000251 0
1000253 0.015625
1000256 0.109375
1000261 0.046875
1000263 0.0625
1000265 0.078125
1000267 0.03125
1000269 0.015625
1000135 0
1000156 0
1000162 0
1000164 0
1000167 0
1000168 0
1000170 0
1000171 0
1000174 0
1000176 0
1000184 0
1000185 0
1000264 0
