1000100 0.98734176
1000301 0
1000104 0.012658228
1000109 0.012658228
1000113 0
1000114 0.012658228
1000119 0.79746836
1000126 0.012658228
1000133 0.03797468
1000137 0.7721519
1000139 0.7848101
1000144 0.75949365
1000145 0.75949365
1000146 0.75949365
1000154 0.012658228
1000157 0.75949365
1000159 0.75949365
1000164 0.75949365
1000169 0.75949365
1000173 0
1000175 0.012658228
1000180 0.012658228
1000186 0.025316456
1000188 0.012658228
1000192 0.025316456
1000195 0.75949365
1000196 0.75949365
1000198 0.75949365
1000202 0.012658228
1000207 0.75949365
1000209 0.75949365
1000211 0.75949365
1000213 0
1000216 0.75949365
1000217 0.012658228
1000219 0.75949365
1000221 0.75949365
1000226 0.75949365
1000227 0.75949365
1000230 0.75949365
1000235 0.75949365
1000238 0.012658228
1000240 0.025316456
1000242 0.012658228
1000245 0
1000247 0.75949365
1000251 0
1000253 0.012658228
1000257 0.012658228
1000259 0.75949365
1000263 0
1000265 0.012658228
1000269 0
1000271 0.025316456
1000275 0.012658228
1000278 0
1000280 0.012658228
1000281 0.012658228
1000287 0.03797468
1000292 0
1000293 0.025316456
1000295 0.03797468
1000299 0.012658228
1000149 0
1000170 0
1000176 0
1000178 0
1000181 0
1000182 0
1000184 0
1000185 0
1000189 0
1000191 0
1000199 0
1000200 0
1000212 0
1000236 0
1000254 0
1000266 0
