1000100 0.9677419
1000182 0
1000104 0.9354839
1000107 0.9032258
1000114 0.83870965
1000116 0.87096775
1000119 0.7741935
1000120 0.8064516
1000126 0.58064514
1000127 0.61290324
1000128 0
1000131 0.6451613
1000133 0.67741936
1000139 0.41935483
1000141 0.4516129
1000144 0.2580645
1000145 0.38709676
1000148 0.29032257
1000151 0.06451613
1000156 0.16129032
1000159 0.032258064
1000165 0.032258064
1000167 0.16129032
1000173 0.09677419
1000174 0.12903225
1000178 0.032258064
1000180 0.032258064
1000132 0
1000149 0
1000157 0
1000168 0
