1000100 0.9677419
1000191 0
1000104 0.032258064
1000109 0.032258064
1000114 0.09677419
1000116 0.12903225
1000118 0.16129032
1000119 0.19354838
1000121 0
1000124 0.032258064
1000126 0.06451613
1000128 0.09677419
1000129 0.12903225
1000130 0
1000133 0.032258064
1000137 0
1000141 0.06451613
1000144 0.09677419
1000149 0.032258064
1000155 0.06451613
1000161 0.32258064
1000166 0.2580645
1000168 0.29032257
1000171 0.2580645
1000174 0.22580644
1000176 0.032258064
1000179 0.22580644
1000182 0.06451613
1000189 0.032258064
1000183 0
1000186 0
