1000100 0.984375
1000280 0
1000104 0.015625
1000109 0.015625
1000113 0.015625
1000115 0.03125
1000119 0.03125
1000126 0.015625
1000132 0.046875
1000139 0.640625
1000140 0.640625
1000141 0.640625
1000149 0.015625
1000152 0.640625
1000154 0.640625
1000159 0.640625
1000164 0.640625
1000168 0
1000170 0.015625
1000175 0.015625
1000181 0.03125
1000183 0.015625
1000187 0.03125
1000190 0.640625
1000191 0.640625
1000193 0.640625
1000197 0.015625
1000202 0.640625
1000204 0.640625
1000207 0.640625
1000212 0.640625
1000213 0.640625
1000216 0.640625
1000221 0.03125
1000223 0.640625
1000225 0
1000227 0.03125
1000231 0.015625
1000234 0
1000236 0.015625
1000237 0.015625
1000243 0.15625
1000250 0.03125
1000253 0.140625
1000257 0.015625
1000263 0.078125
1000266 0.0625
1000269 0.0625
1000272 0.015625
1000278 0.015625
1000144 0
1000165 0
1000171 0
1000173 0
1000176 0
1000177 0
1000179 0
1000180 0
1000184 0
1000186 0
1000194 0
1000195 0
1000258 0
1000273 0
