1000100 0.9859155
1000295 0
1000105 0.90140843
1000108 0.8873239
1000112 0.8873239
1000115 0.87323946
1000118 0.87323946
1000124 0.014084507
1000131 0.87323946
1000135 0.87323946
1000139 0.87323946
1000141 0.87323946
1000146 0.87323946
1000147 0.87323946
1000148 0.87323946
1000156 0.014084507
1000159 0.87323946
1000161 0.87323946
1000166 0.87323946
1000171 0.87323946
1000175 0
1000177 0.014084507
1000182 0.014084507
1000189 0.014084507
1000193 0.028169014
1000196 0.87323946
1000197 0.87323946
1000199 0.87323946
1000203 0.014084507
1000209 0.87323946
1000210 0.87323946
1000216 0.87323946
1000218 0.87323946
1000223 0.87323946
1000228 0.87323946
1000230 0.87323946
1000232 0.87323946
1000234 0
1000237 0.87323946
1000238 0.014084507
1000240 0.87323946
1000242 0.87323946
1000247 0.87323946
1000248 0.87323946
1000251 0.87323946
1000257 0
1000260 0
1000262 0
1000264 0.87323946
1000268 0.014084507
1000271 0.87323946
1000275 0.014084507
1000278 0
1000280 0.014084507
1000283 0.04225352
1000285 0.056338027
1000289 0.028169014
1000293 0.014084507
1000151 0
1000172 0
1000178 0
1000180 0
1000183 0
1000184 0
1000186 0
1000187 0
1000190 0
1000192 0
1000200 0
1000201 0
1000233 0
