1000100 0.9848485
1000276 0
1000104 0.015151516
1000109 0.015151516
1000114 0.030303031
1000117 0.015151516
1000122 0.72727275
1000129 0.015151516
1000136 0.045454547
1000140 0.6818182
1000142 0.7121212
1000147 0.6666667
1000148 0.6666667
1000149 0.6666667
1000157 0.015151516
1000160 0.6666667
1000162 0.6666667
1000167 0.6666667
1000172 0.6666667
1000176 0
1000178 0.015151516
1000183 0.015151516
1000189 0.030303031
1000191 0.015151516
1000195 0.030303031
1000198 0.6666667
1000199 0.6666667
1000201 0.6666667
1000205 0.015151516
1000210 0.6666667
1000212 0.6666667
1000214 0.6666667
1000216 0
1000219 0.6666667
1000220 0.015151516
1000222 0.6666667
1000224 0.6666667
1000229 0.6666667
1000230 0.6666667
1000233 0.6666667
1000239 0
1000242 0
1000244 0
1000246 0.030303031
1000250 0.015151516
1000253 0
1000255 0.015151516
1000256 0.015151516
1000262 0.07575758
1000267 0.045454547
1000268 0.060606062
1000272 0.015151516
1000274 0.015151516
1000152 0
1000173 0
1000179 0
1000181 0
1000184 0
1000185 0
1000187 0
1000188 0
1000192 0
1000194 0
1000202 0
1000203 0
1000215 0
