1000100 0.9859155
1000284 0
1000103 0.15492958
1000105 0.16901408
1000108 0
1000113 0.014084507
1000119 0.04225352
1000126 0.70422536
1000127 0.70422536
1000128 0.70422536
1000136 0.014084507
1000139 0.70422536
1000141 0.70422536
1000146 0.70422536
1000151 0.70422536
1000155 0
1000157 0.014084507
1000162 0.014084507
1000168 0.028169014
1000170 0.014084507
1000174 0.028169014
1000177 0.70422536
1000178 0.70422536
1000180 0.70422536
1000184 0.014084507
1000189 0.70422536
1000191 0.70422536
1000194 0.70422536
1000199 0.70422536
1000200 0.70422536
1000203 0.70422536
1000208 0.15492958
1000210 0.70422536
1000212 0
1000214 0.028169014
1000218 0.014084507
1000221 0
1000223 0.014084507
1000225 0
1000230 0.04225352
1000232 0.056338027
1000234 0.07042254
1000235 0.08450704
1000237 0.014084507
1000240 0.09859155
1000243 0.08450704
1000246 0.08450704
1000249 0.04225352
1000255 0.14084508
1000259 0.028169014
1000265 0.08450704
1000268 0.07042254
1000271 0.07042254
1000274 0.028169014
1000280 0.014084507
1000282 0.014084507
1000131 0
1000152 0
1000158 0
1000160 0
1000163 0
1000164 0
1000166 0
1000167 0
1000171 0
1000173 0
1000181 0
1000182 0
1000250 0
1000260 0
1000275 0
