1000100 0.983871
1000281 0
1000104 0.032258064
1000106 0.048387095
1000111 0.016129032
1000117 0.08064516
1000121 0.048387095
1000128 0.7580645
1000129 0.7580645
1000130 0.7580645
1000138 0.016129032
1000141 0.7580645
1000143 0.7580645
1000148 0.7580645
1000153 0.7580645
1000157 0
1000159 0.016129032
1000164 0.016129032
1000171 0.016129032
1000175 0.032258064
1000178 0.7580645
1000179 0.7580645
1000181 0.7580645
1000185 0.016129032
1000191 0.7580645
1000192 0.7580645
1000198 0.7580645
1000200 0.7580645
1000205 0.7580645
1000210 0.7580645
1000212 0.7580645
1000215 0.7580645
1000220 0.7580645
1000221 0.7580645
1000224 0.7580645
1000229 0.032258064
1000231 0.7580645
1000233 0
1000235 0.06451613
1000239 0.016129032
1000242 0.032258064
1000246 0.016129032
1000249 0
1000251 0.016129032
1000252 0.016129032
1000259 0.06451613
1000267 0.048387095
1000271 0.048387095
1000275 0.032258064
1000279 0.016129032
1000133 0
1000154 0
1000160 0
1000162 0
1000165 0
1000166 0
1000168 0
1000169 0
1000172 0
1000174 0
1000182 0
1000183 0
