1000100 0.9885057
1000327 0
1000105 0
1000106 0.85057473
1000110 0.85057473
1000113 0.83908045
1000116 0.83908045
1000122 0.011494253
1000129 0.83908045
1000133 0.83908045
1000137 0.83908045
1000139 0.83908045
1000144 0.83908045
1000145 0.83908045
1000146 0.83908045
1000154 0.011494253
1000157 0.83908045
1000159 0.83908045
1000164 0.83908045
1000169 0.83908045
1000173 0
1000175 0.011494253
1000180 0.011494253
1000187 0.011494253
1000191 0.022988506
1000194 0.83908045
1000195 0.83908045
1000197 0.83908045
1000201 0.011494253
1000207 0.83908045
1000208 0.83908045
1000214 0.83908045
1000216 0.83908045
1000221 0.83908045
1000226 0.83908045
1000228 0.83908045
1000230 0.83908045
1000232 0.011494253
1000235 0.83908045
1000236 0.011494253
1000238 0.83908045
1000240 0.83908045
1000245 0.83908045
1000246 0.83908045
1000249 0.83908045
1000254 0.83908045
1000257 0.011494253
1000259 0.022988506
1000261 0.011494253
1000264 0
1000266 0.83908045
1000270 0
1000272 0.011494253
1000276 0.011494253
1000278 0.83908045
1000282 0
1000284 0.011494253
1000288 0
1000290 0.83908045
1000294 0.011494253
1000297 0.83908045
1000301 0.011494253
1000304 0
1000306 0.011494253
1000308 0.06896552
1000311 0.057471264
1000314 0.057471264
1000318 0
1000319 0.022988506
1000321 0.03448276
1000325 0.022988506
1000149 0
1000170 0
1000176 0
1000178 0
1000181 0
1000182 0
1000184 0
1000185 0
1000188 0
1000190 0
1000198 0
1000199 0
1000231 0
1000255 0
1000273 0
1000285 0
