1000100 0.9677419
1000199 0
1000104 0.032258064
1000109 0.032258064
1000114 0.3548387
1000116 0.38709676
1000118 0.41935483
1000119 0.4516129
1000121 0.032258064
1000123 0.32258064
1000126 0.3548387
1000129 0.12903225
1000132 0
1000138 0
1000142 0.06451613
1000144 0.09677419
1000147 0.032258064
1000153 0.06451613
1000160 0.16129032
1000163 0.19354838
1000166 0.032258064
1000169 0
1000174 0.22580644
1000177 0.19354838
1000180 0.19354838
1000183 0.06451613
1000190 0.06451613
1000193 0
1000197 0.032258064
1000184 0
1000187 0
