1000100 0.984375
1000264 0
1000106 0.84375
1000109 0.828125
1000113 0.828125
1000116 0.8125
1000119 0.8125
1000125 0.015625
1000132 0.8125
1000136 0.8125
1000138 0.8125
1000143 0.8125
1000144 0.8125
1000145 0.8125
1000153 0.015625
1000156 0.8125
1000158 0.8125
1000163 0.8125
1000168 0.8125
1000172 0
1000174 0.015625
1000179 0.015625
1000185 0.03125
1000187 0.015625
1000191 0.03125
1000194 0.8125
1000195 0.8125
1000197 0.8125
1000201 0.015625
1000206 0.8125
1000208 0.8125
1000210 0.8125
1000212 0.015625
1000215 0.8125
1000216 0.015625
1000218 0.8125
1000220 0.8125
1000225 0.8125
1000226 0.8125
1000229 0.8125
1000235 0
1000238 0
1000240 0
1000242 0.8125
1000246 0.015625
1000249 0
1000251 0.015625
1000253 0.0625
1000256 0.046875
1000259 0.046875
1000262 0.015625
1000148 0
1000169 0
1000175 0
1000177 0
1000180 0
1000181 0
1000183 0
1000184 0
1000188 0
1000190 0
1000198 0
1000199 0
1000211 0
