1000100 0.9848485
1000277 0
1000103 0.121212125
1000105 0.13636364
1000108 0.90909094
1000113 0.015151516
1000119 0.07575758
1000123 0.045454547
1000130 0.8030303
1000131 0.8030303
1000132 0.8030303
1000140 0.015151516
1000143 0.8030303
1000145 0.8030303
1000150 0.8030303
1000155 0.8030303
1000159 0
1000161 0.015151516
1000166 0.015151516
1000173 0.015151516
1000177 0.030303031
1000180 0.8030303
1000181 0.8030303
1000183 0.8030303
1000187 0.015151516
1000193 0.8030303
1000194 0.8030303
1000200 0.8030303
1000202 0.8030303
1000207 0.8030303
1000212 0.8030303
1000214 0.8030303
1000217 0.8030303
1000222 0.8030303
1000223 0.8030303
1000226 0.8030303
1000231 0.121212125
1000233 0.8030303
1000235 0
1000237 0.060606062
1000241 0.015151516
1000244 0.030303031
1000248 0.015151516
1000251 0
1000253 0.015151516
1000256 0.121212125
1000258 0.13636364
1000262 0.10606061
1000267 0.045454547
1000269 0.060606062
1000271 0.07575758
1000273 0.030303031
1000275 0.015151516
1000135 0
1000156 0
1000162 0
1000164 0
1000167 0
1000168 0
1000170 0
1000171 0
1000174 0
1000176 0
1000184 0
1000185 0
1000270 0
