1000100 0.9836066
1000273 0
1000103 0.06557377
1000105 0.08196721
1000108 0.8852459
1000115 0.016393442
1000121 0.08196721
1000125 0.04918033
1000132 0.8032787
1000133 0.8032787
1000134 0.8032787
1000142 0.016393442
1000145 0.8032787
1000147 0.8032787
1000152 0.8032787
1000157 0.8032787
1000161 0
1000163 0.016393442
1000168 0.016393442
1000175 0.016393442
1000179 0.032786883
1000182 0.8032787
1000183 0.8032787
1000185 0.8032787
1000189 0.016393442
1000195 0.8032787
1000196 0.8032787
1000202 0.8032787
1000204 0.8032787
1000209 0.8032787
1000214 0.8032787
1000216 0.8032787
1000219 0.8032787
1000224 0.8032787
1000225 0.8032787
1000228 0.8032787
1000233 0.06557377
1000235 0.8032787
1000237 0
1000239 0.06557377
1000243 0.016393442
1000246 0.032786883
1000250 0.016393442
1000253 0
1000255 0.016393442
1000259 0.04918033
1000263 0.04918033
1000267 0.032786883
1000271 0.016393442
1000137 0
1000158 0
1000164 0
1000166 0
1000169 0
1000170 0
1000172 0
1000173 0
1000176 0
1000178 0
1000186 0
1000187 0
