1000100 0.96666664
1000195 0
1000104 0.033333335
1000109 0.033333335
1000113 0.033333335
1000115 0.06666667
1000119 0.06666667
1000123 0.033333335
1000128 0.033333335
1000134 0.36666667
1000141 0.1
1000143 0.13333334
1000145 0.16666667
1000146 0.2
1000148 0.033333335
1000151 0.23333333
1000154 0.2
1000157 0.2
1000160 0.1
1000166 0.33333334
1000170 0.06666667
1000176 0.2
1000179 0.16666667
1000182 0.16666667
1000185 0.06666667
1000191 0.033333335
1000193 0.033333335
1000161 0
1000171 0
1000186 0
