1000100 0.97183096
1000271 0
1000104 0.85915494
1000107 0.8450704
1000113 0.014084507
1000120 0.04225352
1000124 0.8169014
1000126 0.8309859
1000131 0.8028169
1000132 0.8028169
1000133 0.8028169
1000141 0.014084507
1000144 0.8028169
1000146 0.8028169
1000151 0.8028169
1000156 0.8028169
1000160 0
1000162 0.014084507
1000167 0.014084507
1000173 0.028169014
1000175 0.014084507
1000179 0.028169014
1000182 0.8028169
1000183 0.8028169
1000185 0.8028169
1000189 0.014084507
1000194 0.8028169
1000196 0.8028169
1000198 0.8028169
1000200 0.014084507
1000203 0.8028169
1000204 0.014084507
1000206 0.8028169
1000208 0.8028169
1000213 0.8028169
1000214 0.8028169
1000217 0.8028169
1000222 0.8028169
1000225 0.014084507
1000227 0.028169014
1000229 0.014084507
1000232 0
1000234 0.8028169
1000238 0
1000240 0.014084507
1000244 0.014084507
1000246 0.8028169
1000250 0
1000252 0.014084507
1000256 0
1000258 0.028169014
1000262 0.014084507
1000265 0
1000267 0.014084507
1000268 0.014084507
1000136 0
1000157 0
1000163 0
1000165 0
1000168 0
1000169 0
1000171 0
1000172 0
1000176 0
1000178 0
1000186 0
1000187 0
1000199 0
1000223 0
1000241 0
1000253 0
