1000100 0.98571426
1000288 0
1000104 0.8428571
1000107 0.82857144
1000111 0.8857143
1000116 0.014285714
1000123 0.071428575
1000127 0.042857144
1000131 0.7285714
1000133 0.8
1000138 0.71428573
1000139 0.71428573
1000140 0.71428573
1000148 0.014285714
1000151 0.71428573
1000153 0.71428573
1000158 0.71428573
1000163 0.71428573
1000167 0
1000169 0.014285714
1000174 0.014285714
1000181 0.014285714
1000185 0.028571429
1000188 0.71428573
1000189 0.71428573
1000191 0.71428573
1000195 0.014285714
1000201 0.71428573
1000202 0.71428573
1000208 0.71428573
1000210 0.71428573
1000215 0.71428573
1000220 0.71428573
1000222 0.71428573
1000224 0.71428573
1000226 0
1000229 0.71428573
1000230 0.014285714
1000232 0.71428573
1000234 0.71428573
1000239 0.71428573
1000240 0.71428573
1000243 0.71428573
1000249 0
1000252 0
1000254 0
1000256 0.057142857
1000260 0.014285714
1000263 0.028571429
1000267 0.014285714
1000270 0
1000272 0.014285714
1000275 0.071428575
1000279 0.042857144
1000280 0.057142857
1000284 0.014285714
1000286 0.014285714
1000143 0
1000164 0
1000170 0
1000172 0
1000175 0
1000176 0
1000178 0
1000179 0
1000182 0
1000184 0
1000192 0
1000193 0
1000225 0
