1000100 0.9852941
1000283 0
1000104 0.8235294
1000107 0.8088235
1000113 0.014705882
1000120 0.073529415
1000124 0.04411765
1000128 0.75
1000130 0.7941176
1000135 0.7352941
1000136 0.7352941
1000137 0.7352941
1000145 0.014705882
1000148 0.7352941
1000150 0.7352941
1000155 0.7352941
1000160 0.7352941
1000164 0
1000166 0.014705882
1000171 0.014705882
1000178 0.014705882
1000182 0.029411765
1000185 0.7352941
1000186 0.7352941
1000188 0.7352941
1000192 0.014705882
1000198 0.7352941
1000199 0.7352941
1000205 0.7352941
1000207 0.7352941
1000212 0.7352941
1000217 0.7352941
1000219 0.7352941
1000221 0.7352941
1000223 0
1000226 0.7352941
1000227 0.014705882
1000229 0.7352941
1000231 0.7352941
1000236 0.7352941
1000237 0.7352941
1000240 0.7352941
1000246 0
1000249 0
1000251 0
1000253 0.05882353
1000257 0.014705882
1000260 0.029411765
1000264 0.014705882
1000267 0
1000269 0.014705882
1000272 0.04411765
1000275 0.029411765
1000277 0.04411765
1000281 0.014705882
1000140 0
1000161 0
1000167 0
1000169 0
1000172 0
1000173 0
1000175 0
1000176 0
1000179 0
1000181 0
1000189 0
1000190 0
1000222 0
