1000100 0.9852941
1000280 0
1000104 0.7794118
1000107 0.7647059
1000111 0.8088235
1000116 0.014705882
1000123 0.04411765
1000127 0.6617647
1000129 0.7352941
1000134 0.64705884
1000135 0.64705884
1000136 0.64705884
1000144 0.014705882
1000147 0.64705884
1000149 0.64705884
1000154 0.64705884
1000159 0.64705884
1000163 0
1000165 0.014705882
1000170 0.014705882
1000176 0.029411765
1000178 0.014705882
1000182 0.029411765
1000185 0.64705884
1000186 0.64705884
1000188 0.64705884
1000192 0.014705882
1000197 0.64705884
1000199 0.64705884
1000201 0.64705884
1000203 0
1000206 0.64705884
1000207 0.014705882
1000209 0.64705884
1000211 0.64705884
1000216 0.64705884
1000217 0.64705884
1000220 0.64705884
1000226 0
1000229 0
1000231 0
1000233 0.029411765
1000237 0.014705882
1000240 0
1000242 0.014705882
1000245 0.073529415
1000249 0.13235295
1000253 0.04411765
1000256 0.029411765
1000258 0.04411765
1000262 0.014705882
1000268 0.04411765
1000271 0.029411765
1000273 0.04411765
1000278 0.014705882
1000139 0
1000160 0
1000166 0
1000168 0
1000171 0
1000172 0
1000174 0
1000175 0
1000179 0
1000181 0
1000189 0
1000190 0
1000202 0
