1000100 0.98717946
1000314 0
1000103 0.14102565
1000105 0.15384616
1000108 0
1000113 0.012820513
1000119 0.06410257
1000123 0.03846154
1000130 0.71794873
1000131 0.71794873
1000132 0.71794873
1000140 0.012820513
1000143 0.71794873
1000145 0.71794873
1000150 0.71794873
1000155 0.71794873
1000159 0
1000161 0.012820513
1000166 0.012820513
1000173 0.012820513
1000177 0.025641026
1000180 0.71794873
1000181 0.71794873
1000183 0.71794873
1000187 0.012820513
1000193 0.71794873
1000194 0.71794873
1000200 0.71794873
1000202 0.71794873
1000207 0.71794873
1000212 0.71794873
1000214 0.71794873
1000217 0.71794873
1000222 0.71794873
1000223 0.71794873
1000226 0.71794873
1000231 0.14102565
1000233 0.71794873
1000235 0
1000237 0.051282052
1000241 0.012820513
1000244 0.025641026
1000248 0.012820513
1000251 0
1000253 0.012820513
1000255 0
1000260 0.03846154
1000262 0.051282052
1000264 0.06410257
1000265 0.07692308
1000267 0.012820513
1000270 0.08974359
1000273 0.07692308
1000276 0.07692308
1000279 0.03846154
1000285 0.12820514
1000289 0.025641026
1000295 0.07692308
1000298 0.06410257
1000301 0.06410257
1000304 0.025641026
1000310 0.012820513
1000312 0.012820513
1000135 0
1000156 0
1000162 0
1000164 0
1000167 0
1000168 0
1000170 0
1000171 0
1000174 0
1000176 0
1000184 0
1000185 0
1000280 0
1000290 0
1000305 0
