1000100 0.984127
1000263 0
1000104 0.7936508
1000107 0.7777778
1000111 0.82539684
1000118 0.015873017
1000125 0.04761905
1000129 0.71428573
1000131 0.7619048
1000136 0.6984127
1000137 0.6984127
1000138 0.6984127
1000146 0.015873017
1000149 0.6984127
1000151 0.6984127
1000156 0.6984127
1000161 0.6984127
1000165 0
1000167 0.015873017
1000172 0.015873017
1000178 0.031746034
1000180 0.015873017
1000184 0.031746034
1000187 0.6984127
1000188 0.6984127
1000190 0.6984127
1000194 0.015873017
1000199 0.6984127
1000201 0.6984127
1000203 0.6984127
1000205 0.015873017
1000208 0.6984127
1000209 0.015873017
1000211 0.6984127
1000213 0.6984127
1000218 0.6984127
1000219 0.6984127
1000222 0.6984127
1000228 0
1000231 0
1000233 0
1000235 0.031746034
1000239 0.015873017
1000242 0
1000244 0.015873017
1000246 0.07936508
1000252 0.04761905
1000255 0.031746034
1000257 0.04761905
1000261 0.015873017
1000141 0
1000162 0
1000168 0
1000170 0
1000173 0
1000174 0
1000176 0
1000177 0
1000181 0
1000183 0
1000191 0
1000192 0
1000204 0
