1000100 0.96428573
1000191 0
1000104 0.035714287
1000109 0.035714287
1000114 0.071428575
1000117 0.035714287
1000122 0.60714287
1000128 0.5
1000130 0.5714286
1000134 0.42857143
1000135 0.4642857
1000140 0.35714287
1000142 0.39285713
1000146 0.32142857
1000151 0.071428575
1000152 0.14285715
1000153 0
1000156 0.17857143
1000158 0.21428572
1000164 0.035714287
1000166 0.035714287
1000168 0.035714287
1000174 0.10714286
1000180 0.10714286
1000183 0.071428575
1000185 0.10714286
1000189 0.035714287
1000157 0
