1000100 0.98550725
1000278 0
1000103 0.1594203
1000105 0.17391305
1000110 0.014492754
1000116 0.04347826
1000123 0.7246377
1000124 0.7246377
1000125 0.7246377
1000133 0.014492754
1000136 0.7246377
1000138 0.7246377
1000143 0.7246377
1000148 0.7246377
1000152 0
1000154 0.014492754
1000159 0.014492754
1000165 0.028985508
1000167 0.014492754
1000171 0.028985508
1000174 0.7246377
1000175 0.7246377
1000177 0.7246377
1000181 0.014492754
1000186 0.7246377
1000188 0.7246377
1000191 0.7246377
1000196 0.7246377
1000197 0.7246377
1000200 0.7246377
1000205 0.1594203
1000207 0.7246377
1000209 0
1000211 0.028985508
1000215 0.014492754
1000218 0
1000220 0.014492754
1000224 0.04347826
1000226 0.057971016
1000228 0.072463766
1000229 0.08695652
1000231 0.014492754
1000234 0.10144927
1000237 0.08695652
1000240 0.08695652
1000243 0.04347826
1000249 0.14492753
1000253 0.028985508
1000259 0.08695652
1000262 0.072463766
1000265 0.072463766
1000268 0.028985508
1000274 0.014492754
1000276 0.014492754
1000128 0
1000149 0
1000155 0
1000157 0
1000160 0
1000161 0
1000163 0
1000164 0
1000168 0
1000170 0
1000178 0
1000179 0
1000244 0
1000254 0
1000269 0
