1000100 0.98630136
1000309 0
1000104 0.01369863
1000109 0.01369863
1000114 0.02739726
1000117 0.01369863
1000122 0.739726
1000129 0.01369863
1000136 0.06849315
1000140 0.04109589
1000144 0.69863015
1000146 0.72602737
1000151 0.6849315
1000152 0.6849315
1000153 0.6849315
1000161 0.01369863
1000164 0.6849315
1000166 0.6849315
1000171 0.6849315
1000176 0.6849315
1000180 0
1000182 0.01369863
1000187 0.01369863
1000194 0.01369863
1000198 0.02739726
1000201 0.6849315
1000202 0.6849315
1000204 0.6849315
1000208 0.01369863
1000214 0.6849315
1000215 0.6849315
1000221 0.6849315
1000223 0.6849315
1000228 0.6849315
1000233 0.6849315
1000235 0.6849315
1000237 0.6849315
1000239 0
1000242 0.6849315
1000243 0.01369863
1000245 0.6849315
1000247 0.6849315
1000252 0.6849315
1000253 0.6849315
1000256 0.6849315
1000262 0
1000265 0
1000267 0
1000269 0.05479452
1000273 0.01369863
1000276 0.02739726
1000280 0.01369863
1000283 0
1000285 0.01369863
1000286 0.01369863
1000292 0.04109589
1000298 0.04109589
1000301 0.02739726
1000303 0.04109589
1000307 0.01369863
1000156 0
1000177 0
1000183 0
1000185 0
1000188 0
1000189 0
1000191 0
1000192 0
1000195 0
1000197 0
1000205 0
1000206 0
1000238 0
