1000100 0.969697
1000195 0
1000104 0.030303031
1000109 0.030303031
1000113 0
1000114 0.030303031
1000119 0.7878788
1000125 0.72727275
1000127 0.75757575
1000130 0.6666667
1000131 0.6969697
1000137 0.4848485
1000138 0.5151515
1000139 0
1000142 0.54545456
1000144 0.57575756
1000150 0.33333334
1000152 0.36363637
1000155 0.18181819
1000156 0.3030303
1000159 0.21212122
1000162 0.060606062
1000167 0.09090909
1000170 0.030303031
1000176 0.030303031
1000178 0.09090909
1000183 0.030303031
1000189 0.060606062
1000193 0.030303031
1000143 0
1000160 0
1000168 0
1000179 0
