1000100 0.9705882
1000197 0
1000105 0.4117647
1000107 0.44117647
1000109 0.47058824
1000110 0.5
1000112 0
1000115 0.29411766
1000117 0.32352942
1000119 0.3529412
1000120 0.38235295
1000122 0
1000124 0.38235295
1000127 0.4117647
1000130 0.0882353
1000133 0
1000137 0.2647059
1000140 0.29411766
1000143 0.029411765
1000146 0
1000150 0.05882353
1000153 0.029411765
1000160 0.0882353
1000167 0.20588236
1000170 0.23529412
1000173 0.14705883
1000176 0
1000180 0.05882353
1000183 0.0882353
1000184 0.11764706
1000186 0.029411765
1000188 0.05882353
1000191 0
1000195 0.029411765
