1000100 0.9830508
1000245 0
1000104 0.8305085
1000107 0.8135593
1000113 0.016949153
1000120 0.050847456
1000124 0.7627119
1000126 0.7966102
1000131 0.7457627
1000132 0.7457627
1000133 0.7457627
1000141 0.016949153
1000144 0.7457627
1000146 0.7457627
1000151 0.7457627
1000156 0.7457627
1000160 0
1000162 0.016949153
1000167 0.016949153
1000173 0.033898305
1000175 0.016949153
1000179 0.033898305
1000182 0.7457627
1000183 0.7457627
1000185 0.7457627
1000189 0.016949153
1000194 0.7457627
1000196 0.7457627
1000198 0.7457627
1000200 0
1000203 0.7457627
1000204 0.016949153
1000206 0.7457627
1000208 0.7457627
1000213 0.7457627
1000214 0.7457627
1000217 0.7457627
1000223 0
1000226 0
1000228 0
1000230 0.033898305
1000234 0.016949153
1000237 0
1000239 0.016949153
1000240 0.016949153
1000243 0.016949153
1000136 0
1000157 0
1000163 0
1000165 0
1000168 0
1000169 0
1000171 0
1000172 0
1000176 0
1000178 0
1000186 0
1000187 0
1000199 0
